n: 20
mean: 0.16576005
standard deviation: 0.002860233984746702
variance: 8.180938447499997e-06
max: 0.172143
min: 0.163087
