n: 20
mean: 0.21345805
standard deviation: 0.002042267574902955
variance: 4.170856847499997e-06
max: 0.220546
min: 0.211573
