n: 20
mean: 0.16535189999999997
standard deviation: 0.0028364072327506148
variance: 8.04520599e-06
max: 0.172552
min: 0.163169
