n: 20
mean: 0.2104799
standard deviation: 0.0024074418144578278
variance: 5.795776089999997e-06
max: 0.218237
min: 0.208887
