n: 20
mean: 0.013359000000000001
standard deviation: 0.0010397642521264134
variance: 1.0811097e-06
max: 0.016201
min: 0.012268
