n: 20
mean: 0.0786191
standard deviation: 0.002256053432434612
variance: 5.089777089999995e-06
max: 0.085432
min: 0.077208
