n: 20
mean: 0.0138718
standard deviation: 0.00120406846150873
variance: 1.44978086e-06
max: 0.016054
min: 0.012341
