n: 20
mean: 0.0783952
standard deviation: 0.0014602529438422639
variance: 2.132338659999998e-06
max: 0.08323
min: 0.076947
