n: 20
mean: 0.0989576
standard deviation: 0.002161081682861617
variance: 4.670274039999998e-06
max: 0.106416
min: 0.097301
