n: 20
mean: 0.10067235
standard deviation: 0.0018700830803737027
variance: 3.497210727499997e-06
max: 0.107862
min: 0.099215
