n: 20
mean: 0.014762950000000002
standard deviation: 0.0009666845646331589
variance: 9.344790474999999e-07
max: 0.016408
min: 0.013512
