n: 20
mean: 0.01560725
standard deviation: 0.0012638462277903906
variance: 1.5973072875000002e-06
max: 0.017882
min: 0.014316
