n: 20
mean: 9.000000000000002e-06
standard deviation: 2.16794833886788e-06
variance: 4.7e-12
max: 1.2e-05
min: 6e-06
