n: 20
mean: 1.6800000000000002e-05
standard deviation: 4.190465367951393e-06
variance: 1.7560000000000002e-11
max: 2.3e-05
min: 1e-05
