n: 20
mean: 1.14e-05
standard deviation: 3.6386810797320504e-06
variance: 1.3240000000000001e-11
max: 1.8e-05
min: 7e-06
