n: 20
mean: 1.4199999999999998e-05
standard deviation: 4.319722213291035e-06
variance: 1.8659999999999997e-11
max: 2.1e-05
min: 8e-06
