n: 20
mean: 1.9650000000000003e-05
standard deviation: 5.2656908378673346e-06
variance: 2.7727499999999995e-11
max: 2.6e-05
min: 1.2e-05
