n: 20
mean: 1.2750000000000002e-05
standard deviation: 6.171507109288622e-06
variance: 3.8087500000000005e-11
max: 3.3e-05
min: 7e-06
