n: 20
mean: 1.7350000000000005e-05
standard deviation: 5.7207953992430115e-06
variance: 3.2727500000000004e-11
max: 2.5e-05
min: 9e-06
