n: 20
mean: 0.30693845
standard deviation: 0.00237799141030829
variance: 5.654843147500008e-06
max: 0.315742
min: 0.304516
