n: 20
mean: 0.21679875
standard deviation: 0.002251300177119879
variance: 5.068352487499999e-06
max: 0.225769
min: 0.215332
