n: 20
mean: 0.2715835999999999
standard deviation: 0.000871016957355025
variance: 7.586705400000053e-07
max: 0.273197
min: 0.270333
