n: 20
mean: 0.39174575
standard deviation: 0.001107715075053148
variance: 1.2270326875000014e-06
max: 0.393104
min: 0.390365
