n: 20
mean: 0.1657201
standard deviation: 0.0019125777082252085
variance: 3.6579534899999907e-06
max: 0.171891
min: 0.163686
