n: 20
mean: 0.21171415000000002
standard deviation: 0.001821099263494442
variance: 3.316402527499999e-06
max: 0.217858
min: 0.210024
