n: 20
mean: 0.21406525000000004
standard deviation: 0.001717637385334868
variance: 2.950278187500001e-06
max: 0.219261
min: 0.21251
