n: 20
mean: 0.1676453
standard deviation: 0.0015727695667198049
variance: 2.4736041100000028e-06
max: 0.172348
min: 0.166544
