n: 20
mean: 0.10037045
standard deviation: 0.001576221033833769
variance: 2.484472747499995e-06
max: 0.104847
min: 0.098399
