n: 20
mean: 0.1011477
standard deviation: 0.0020779290435431145
variance: 4.317789110000003e-06
max: 0.108603
min: 0.099652
