n: 20
mean: 0.23433155
standard deviation: 0.0017115326603661396
variance: 2.9293440474999954e-06
max: 0.240282
min: 0.232735
