n: 20
mean: 0.20007965
standard deviation: 0.0036816981309580493
variance: 1.3554901127499993e-05
max: 0.214333
min: 0.197635
