n: 20
mean: 0.1326608
standard deviation: 0.0015454225506313772
variance: 2.3883308599999913e-06
max: 0.138726
min: 0.131713
