n: 20
mean: 0.07852920000000001
standard deviation: 0.001939789720562515
variance: 3.76278416e-06
max: 0.085792
min: 0.076911
