n: 20
mean: 0.0800517
standard deviation: 0.0021503782016194274
variance: 4.624126410000002e-06
max: 0.086548
min: 0.078793
