n: 20
mean: 0.18032889999999996
standard deviation: 0.0018449278007553597
variance: 3.403758590000008e-06
max: 0.186291
min: 0.178815
