n: 20
mean: 1.07694865
standard deviation: 0.010475400084364324
variance: 0.00010973400692750007
max: 1.121132
min: 1.071594
