n: 20
mean: 1.3293343499999999
standard deviation: 0.0028163506400127165
variance: 7.931830927500038e-06
max: 1.335291
min: 1.325075
