n: 20
mean: 1.0761639500000002
standard deviation: 0.0021437952438374277
variance: 4.595858047499976e-06
max: 1.082143
min: 1.073908
