n: 20
mean: 1.3769974
standard deviation: 0.0027313087595509694
variance: 7.460047539999855e-06
max: 1.387193
min: 1.374381
