n: 20
mean: 0.3068834
standard deviation: 0.003260384538670257
variance: 1.0630107340000064e-05
max: 0.318321
min: 0.304272
