n: 20
mean: 0.27214694999999994
standard deviation: 0.0012122873617670005
variance: 1.4696406474999943e-06
max: 0.274354
min: 0.270626
