n: 20
mean: 0.39182865
standard deviation: 0.001301299245946144
variance: 1.6933797275000027e-06
max: 0.395166
min: 0.390048
