n: 20
mean: 0.21775475000000002
standard deviation: 0.0012884937669620305
variance: 1.6602161875000035e-06
max: 0.220353
min: 0.215438
