n: 20
mean: 3.4363800500000004
standard deviation: 0.03844238303939413
variance: 0.0014778168137474976
max: 3.566969
min: 3.397873
