n: 20
mean: 0.12202495
standard deviation: 0.005827778577425536
variance: 3.39630031475e-05
max: 0.140621
min: 0.116228
