n: 20
mean: 0.71394965
standard deviation: 0.010838978523251169
variance: 0.00011748345542750009
max: 0.751086
min: 0.700603
