n: 20
mean: 0.3470023
standard deviation: 0.003343441387253555
variance: 1.1178600309999976e-05
max: 0.353514
min: 0.340438
