n: 20
mean: 6.952168300000001
standard deviation: 0.15393265354793967
variance: 0.02369526182831002
max: 7.406094
min: 6.858328
