n: 20
mean: 0.12466314999999999
standard deviation: 0.003914458573992067
variance: 1.532298592750001e-05
max: 0.130837
min: 0.117564
