n: 20
mean: 1.19480945
standard deviation: 0.019041065315457
variance: 0.0003625621683474996
max: 1.270481
min: 1.176261
