n: 20
mean: 1.1912690000000004
standard deviation: 0.004275833041642298
variance: 1.8282748200000022e-05
max: 1.200997
min: 1.183746
