n: 20
mean: 3.86159155
standard deviation: 0.02648722787208019
variance: 0.0007015732403475017
max: 3.929405
min: 3.83397
