n: 20
mean: 0.45970215000000003
standard deviation: 0.023658571426176597
variance: 0.0005597280019274998
max: 0.530022
min: 0.433742
