n: 20
mean: 19.2654021
standard deviation: 0.5760922170447107
variance: 0.33188224253949006
max: 21.649061
min: 18.972478
