n: 20
mean: 1.1000896500000001
standard deviation: 0.030493972424521874
variance: 0.0009298823542275003
max: 1.171751
min: 1.065155
