n: 20
mean: 5.425333950000001
standard deviation: 0.11456316101019338
variance: 0.013124717860647495
max: 5.846089
min: 5.340862
