n: 20
mean: 3.290864
standard deviation: 0.04288553483168885
variance: 0.0018391690977999978
max: 3.416789
min: 3.218713
