n: 20
mean: 0.6204484999999998
standard deviation: 0.019011912711508008
variance: 0.0003614528249499998
max: 0.681434
min: 0.597152
