n: 20
mean: 0.26276115000000005
standard deviation: 0.00710787597158954
variance: 5.052190082749995e-05
max: 0.282115
min: 0.25343
