n: 20
mean: 1.1240367999999998
standard deviation: 0.09167186271512102
variance: 0.008403730413659997
max: 1.51907
min: 1.090672
