n: 20
mean: 4.82539495
standard deviation: 0.3812830520751578
variance: 0.14537676579974748
max: 5.879207
min: 4.587788
