n: 20
mean: 0.20877434999999997
standard deviation: 0.0017808727712837907
variance: 3.1715078275000084e-06
max: 0.21432
min: 0.207243
