n: 20
mean: 0.2695769
standard deviation: 0.002228329730986866
variance: 4.965453389999998e-06
max: 0.276279
min: 0.26741
