n: 20
mean: 0.3107926
standard deviation: 0.003508297142489501
variance: 1.2308148839999998e-05
max: 0.317959
min: 0.307411
