n: 20
mean: 0.40136484999999994
standard deviation: 0.002204731350414381
variance: 4.860840327500019e-06
max: 0.40799
min: 0.39908
