n: 20
mean: 0.1515985
standard deviation: 0.0029562365517664534
variance: 8.73933455000001e-06
max: 0.15931
min: 0.14868
