n: 20
mean: 0.014288249999999999
standard deviation: 0.000886381118650437
variance: 7.856714875e-07
max: 0.016249
min: 0.013434
