n: 20
mean: 0.2102656
standard deviation: 0.0018758851084221546
variance: 3.5189449399999986e-06
max: 0.215658
min: 0.208887
