n: 20
mean: 0.28470455
standard deviation: 0.002468419726768523
variance: 6.093095947499989e-06
max: 0.291363
min: 0.282309
