n: 20
mean: 0.01511745
standard deviation: 0.0012827844898890847
variance: 1.6455360474999995e-06
max: 0.019247
min: 0.0142
