n: 20
mean: 0.11854500000000001
standard deviation: 0.0019104879481430916
variance: 3.6499642e-06
max: 0.124308
min: 0.116974
