n: 20
mean: 0.01320875
standard deviation: 0.0009447591690478584
variance: 8.925698874999999e-07
max: 0.016082
min: 0.012315
