n: 20
mean: 0.012507099999999998
standard deviation: 0.0007329680006657863
variance: 5.372420900000001e-07
max: 0.014569
min: 0.011979
