n: 20
mean: 0.3026382999999999
standard deviation: 0.001765425164089368
variance: 3.116726009999972e-06
max: 0.306025
min: 0.300168
