n: 20
mean: 0.21264520000000003
standard deviation: 0.0013680978254496285
variance: 1.8716916600000022e-06
max: 0.216623
min: 0.211577
