n: 20
mean: 0.27129230000000004
standard deviation: 0.001081463596243535
variance: 1.1695635099999998e-06
max: 0.27395
min: 0.269997
