n: 20
mean: 0.39106605
standard deviation: 0.0009463079559530318
variance: 8.954987475000052e-07
max: 0.393212
min: 0.389775
