n: 20
mean: 0.21449320000000002
standard deviation: 0.001421525750734051
variance: 2.0207354600000075e-06
max: 0.219564
min: 0.213024
