n: 20
mean: 0.1689129
standard deviation: 0.0021952141786167503
variance: 4.8189652900000144e-06
max: 0.175663
min: 0.167265
