n: 20
mean: 0.16880305000000004
standard deviation: 0.0026549331342804092
variance: 7.048669947499998e-06
max: 0.179147
min: 0.167298
