n: 20
mean: 0.21131875
standard deviation: 0.0008946055485519877
variance: 8.003190875000028e-07
max: 0.213558
min: 0.210414
