n: 20
mean: 0.2137199
standard deviation: 0.0014336106828564015
variance: 2.055239589999998e-06
max: 0.218994
min: 0.212581
