n: 20
mean: 0.21058919999999998
standard deviation: 0.0019158525934945992
variance: 3.6704911599999817e-06
max: 0.217655
min: 0.208883
