n: 20
mean: 0.16507014999999997
standard deviation: 0.0016256390212774775
variance: 2.642702227499995e-06
max: 0.170249
min: 0.163395
