n: 20
mean: 0.16448485000000002
standard deviation: 0.0015583717873152107
variance: 2.428522627500004e-06
max: 0.16822
min: 0.163065
