n: 20
mean: 0.23730515000000002
standard deviation: 0.0037333501613832074
variance: 1.3937903427500021e-05
max: 0.250568
min: 0.234555
