n: 20
mean: 0.1325656
standard deviation: 0.0016866603214636885
variance: 2.8448230399999932e-06
max: 0.139614
min: 0.131654
