n: 20
mean: 0.09965485
standard deviation: 0.0014824963499111884
variance: 2.1977954274999968e-06
max: 0.103016
min: 0.097571
