n: 20
mean: 0.0779083
standard deviation: 0.0016726319409840291
variance: 2.7976976100000008e-06
max: 0.084329
min: 0.076818
