n: 20
mean: 0.10088940000000002
standard deviation: 0.0017755834365075604
variance: 3.1526965399999975e-06
max: 0.106962
min: 0.099945
