n: 20
mean: 0.1977224
standard deviation: 0.0023771451869837473
variance: 5.650819239999995e-06
max: 0.203988
min: 0.195596
