n: 20
mean: 0.17987655000000002
standard deviation: 0.0019008380645125962
variance: 3.6131853474999924e-06
max: 0.187379
min: 0.178742
