n: 20
mean: 0.07842060000000001
standard deviation: 0.0022310256251329803
variance: 4.977475340000005e-06
max: 0.087443
min: 0.077153
