n: 20
mean: 0.0008569499999999999
standard deviation: 0.0003051077637491383
variance: 9.309074749999998e-08
max: 0.001669
min: 0.000625
