n: 20
mean: 0.00076715
standard deviation: 0.00023226327195663112
variance: 5.394622749999999e-08
max: 0.001666
min: 0.000631
