n: 20
mean: 0.39268249999999993
standard deviation: 0.0029328219942574116
variance: 8.601444850000021e-06
max: 0.403085
min: 0.390456
