n: 20
mean: 0.2703945
standard deviation: 0.002232828508864937
variance: 4.985523150000016e-06
max: 0.277567
min: 0.268737
