n: 20
mean: 0.1968338
standard deviation: 0.007841706833336735
variance: 6.149236606000005e-05
max: 0.23
min: 0.193737
