n: 20
mean: 0.00077445
standard deviation: 0.00013692862191667598
variance: 1.8749447499999997e-08
max: 0.001325
min: 0.000654
