n: 20
mean: 0.23623450000000004
standard deviation: 0.0016864400522995197
variance: 2.844080050000007e-06
max: 0.242899
min: 0.235056
