n: 20
mean: 0.14693489999999998
standard deviation: 0.0019717838852166317
variance: 3.887931689999995e-06
max: 0.152775
min: 0.145644
