n: 20
mean: 0.01286315
standard deviation: 0.0008130828540191952
variance: 6.611037274999999e-07
max: 0.015533
min: 0.012333
