n: 20
mean: 0.2724766
standard deviation: 0.0016752023579257496
variance: 2.8063029399999913e-06
max: 0.278487
min: 0.271007
