n: 20
mean: 0.01274855
standard deviation: 0.0006680038529080504
variance: 4.462291475000002e-07
max: 0.01456
min: 0.012256
