n: 20
mean: 0.0009659000000000001
standard deviation: 0.0003059372321244997
variance: 9.359759000000001e-08
max: 0.001771
min: 0.000664
