n: 20
mean: 0.0010492500000000003
standard deviation: 0.00012383572788173856
variance: 1.53352875e-08
max: 0.001411
min: 0.000924
