n: 20
mean: 0.0010106999999999998
standard deviation: 0.00021181739777459264
variance: 4.486661e-08
max: 0.001663
min: 0.000755
