n: 20
mean: 0.0010842000000000002
standard deviation: 0.00025700575869034534
variance: 6.605196000000003e-08
max: 0.002122
min: 0.000966
