n: 20
mean: 0.015921
standard deviation: 0.0029381916377254906
variance: 8.632970100000001e-06
max: 0.028257
min: 0.014505
