n: 20
mean: 0.014409749999999999
standard deviation: 0.0007903990685090665
variance: 6.247306875e-07
max: 0.016511
min: 0.013688
