n: 20
mean: 0.0009611
standard deviation: 0.00020828295657590422
variance: 4.3381790000000003e-08
max: 0.001707
min: 0.000816
