n: 20
mean: 0.0012129999999999999
standard deviation: 0.0003352882342105073
variance: 1.1241819999999999e-07
max: 0.002067
min: 0.000834
