n: 20
mean: 0.0009442500000000001
standard deviation: 0.00027346880535081145
variance: 7.478518750000001e-08
max: 0.001739
min: 0.000701
