n: 20
mean: 0.0011504500000000001
standard deviation: 0.0002675577461035281
variance: 7.158714750000002e-08
max: 0.001998
min: 0.000889
