n: 20
mean: 0.013295350000000001
standard deviation: 0.0013808109311198257
variance: 1.9066388275000002e-06
max: 0.016743
min: 0.011977
