n: 20
mean: 0.013061399999999997
standard deviation: 0.0007369398482915685
variance: 5.4308034e-07
max: 0.014965
min: 0.012329
