n: 20
mean: 0.19833235
standard deviation: 0.0036262036660259433
variance: 1.314935302749999e-05
max: 0.208312
min: 0.193667
