n: 20
mean: 0.9528182000000001
standard deviation: 0.005030767164160947
variance: 2.5308618259999975e-05
max: 0.961753
min: 0.945564
