n: 20
mean: 1.3174026499999998
standard deviation: 0.027603916168317512
variance: 0.0007619761878275009
max: 1.429585
min: 1.293415
