n: 20
mean: 6.7727417
standard deviation: 0.08774775255475215
variance: 0.007699668078410012
max: 7.076177
min: 6.70195
