n: 20
mean: 0.15547624999999998
standard deviation: 0.0056682631632185175
variance: 3.2129207287499994e-05
max: 0.173728
min: 0.149507
