n: 20
mean: 3.1965112
standard deviation: 0.01851330341565218
variance: 0.00034274240335999877
max: 3.241724
min: 3.159488
