n: 20
mean: 1.75504245
standard deviation: 0.053575557625166144
variance: 0.002870340374847498
max: 1.969088
min: 1.726657
