n: 20
mean: 0.34640155000000006
standard deviation: 0.0039446076417687
variance: 1.555992944750002e-05
max: 0.355442
min: 0.339672
