n: 20
mean: 1.2376616500000002
standard deviation: 0.007871939622958258
variance: 6.196743342750019e-05
max: 1.258285
min: 1.226658
