n: 20
mean: 0.8279574999999999
standard deviation: 0.020690920807204315
variance: 0.0004281142038500005
max: 0.893112
min: 0.80585
