n: 20
mean: 0.12191864999999999
standard deviation: 0.003912019584242902
variance: 1.530389722750001e-05
max: 0.130563
min: 0.115435
