n: 20
mean: 0.12298055000000001
standard deviation: 0.004816687985275776
variance: 2.320048314750001e-05
max: 0.13894
min: 0.116711
