n: 20
mean: 25.5809819
standard deviation: 0.1712510330324754
variance: 0.029326916314689984
max: 25.887528
min: 25.370834
