n: 20
mean: 6.07395925
standard deviation: 0.02154320698938533
variance: 0.00046410976738750097
max: 6.149313
min: 6.046393
