n: 20
mean: 0.44851039999999986
standard deviation: 0.007848139081336412
variance: 6.159328703999995e-05
max: 0.463427
min: 0.433931
