n: 20
mean: 0.33404435
standard deviation: 0.003716153525824789
variance: 1.380979702750001e-05
max: 0.340994
min: 0.326303
