n: 20
mean: 2.4091881999999996
standard deviation: 0.03539146516125041
variance: 0.0012525558062600015
max: 2.5459
min: 2.382967
