n: 20
mean: 9.6222191
standard deviation: 0.03175759504102932
variance: 0.0010085448427900098
max: 9.692804
min: 9.555378
