n: 20
mean: 0.0982541
standard deviation: 0.003862238546490881
variance: 1.4916886589999993e-05
max: 0.108262
min: 0.093402
