n: 20
mean: 0.53841305
standard deviation: 0.009207833243901635
variance: 8.47841930475001e-05
max: 0.560365
min: 0.525884
