n: 20
mean: 2.0522014499999996
standard deviation: 0.034185985149582855
variance: 0.0011686815806474995
max: 2.135623
min: 1.997307
