n: 20
mean: 0.0974138
standard deviation: 0.0044670329257797065
variance: 1.9954383160000004e-05
max: 0.112295
min: 0.093242
