n: 20
mean: 0.6412207000000001
standard deviation: 0.020697470823991995
variance: 0.0004283852985099999
max: 0.699779
min: 0.624025
