n: 20
mean: 0.0768035
standard deviation: 0.003394418794138402
variance: 1.1522078950000003e-05
max: 0.086358
min: 0.073467
