n: 20
mean: 3.15701965
standard deviation: 0.026628799130405792
variance: 0.0007090929431275003
max: 3.232695
min: 3.126429
