n: 20
mean: 1.3705544
standard deviation: 0.03012553696185346
variance: 0.0009075479772399989
max: 1.495523
min: 1.35118
