n: 20
mean: 5.40687345
standard deviation: 0.016726929343053427
variance: 0.0002797901652475018
max: 5.442166
min: 5.377021
