n: 20
mean: 0.1687352
standard deviation: 0.006336286243534139
variance: 4.014852335999997e-05
max: 0.185433
min: 0.160715
