n: 20
mean: 0.2900524000000001
standard deviation: 0.002195945568542176
variance: 4.822176940000021e-06
max: 0.295791
min: 0.288053
