n: 20
mean: 0.21549020000000002
standard deviation: 0.0018789359116265813
variance: 3.530400160000012e-06
max: 0.221631
min: 0.213885
