n: 20
mean: 0.30529045
standard deviation: 0.0017689547330273889
variance: 3.1292008475000004e-06
max: 0.309151
min: 0.303293
