n: 20
mean: 0.3929677
standard deviation: 0.002080960694006495
variance: 4.330397409999992e-06
max: 0.400441
min: 0.390759
