n: 20
mean: 0.23391784999999995
standard deviation: 0.0016877022923193546
variance: 2.8483390275000045e-06
max: 0.239258
min: 0.23236
