n: 20
mean: 0.2043407
standard deviation: 0.002108004793637814
variance: 4.443684210000003e-06
max: 0.209515
min: 0.201986
