n: 20
mean: 0.13306505000000002
standard deviation: 0.0014105905314796357
variance: 1.989765647500001e-06
max: 0.135907
min: 0.131687
