n: 20
mean: 0.17975985
standard deviation: 0.001340696508349295
variance: 1.7974671274999909e-06
max: 0.182028
min: 0.178173
