n: 20
mean: 0.2724821
standard deviation: 0.0022707800840239874
variance: 5.1564421899999875e-06
max: 0.277443
min: 0.270116
