n: 20
mean: 0.1188288
standard deviation: 0.0008216446677244373
variance: 6.75099960000001e-07
max: 0.120905
min: 0.117918
