n: 20
mean: 0.20705415
standard deviation: 0.0019431509790801128
variance: 3.775835727500001e-06
max: 0.212784
min: 0.205131
