n: 20
mean: 0.15859185000000003
standard deviation: 0.0009613431372304045
variance: 9.241806274999962e-07
max: 0.161369
min: 0.15765
