n: 20
mean: 0.16957230000000004
standard deviation: 0.0019863695049008373
variance: 3.9456638099999974e-06
max: 0.175812
min: 0.167402
