n: 20
mean: 0.21200984999999997
standard deviation: 0.0009539543634262589
variance: 9.100289274999989e-07
max: 0.213558
min: 0.210624
