n: 20
mean: 0.1698324
standard deviation: 0.0029699799898315828
variance: 8.820781140000008e-06
max: 0.180684
min: 0.167498
