n: 20
mean: 0.21439119999999998
standard deviation: 0.0008647382031574663
variance: 7.477721600000035e-07
max: 0.216446
min: 0.212926
