n: 20
mean: 0.29179445000000004
standard deviation: 0.0018594741050899312
variance: 3.4576439475e-06
max: 0.297547
min: 0.289696
