n: 20
mean: 0.30579765
standard deviation: 0.001967499765565429
variance: 3.8710553275000175e-06
max: 0.311018
min: 0.30322
