n: 20
mean: 0.21585045000000003
standard deviation: 0.0030738632772945545
variance: 9.448635447500019e-06
max: 0.227839
min: 0.213798
