n: 20
mean: 0.39618295
standard deviation: 0.0023033363730684234
variance: 5.3053584475e-06
max: 0.402739
min: 0.393483
