n: 20
mean: 0.20311505000000002
standard deviation: 0.0012102654863706574
variance: 1.4647425475000038e-06
max: 0.207957
min: 0.202246
