n: 20
mean: 0.2729296
standard deviation: 0.001831261761736966
variance: 3.353519639999977e-06
max: 0.279502
min: 0.271467
