n: 20
mean: 0.17929105
standard deviation: 0.0017012319793314485
variance: 2.8941902474999977e-06
max: 0.185562
min: 0.178185
