n: 20
mean: 0.13437975
standard deviation: 0.0018367185379093887
variance: 3.3735349875000026e-06
max: 0.141737
min: 0.132218
