n: 20
mean: 0.23348399999999997
standard deviation: 0.0017272450028875423
variance: 2.9833752999999863e-06
max: 0.240051
min: 0.232135
