n: 20
mean: 0.1186855
standard deviation: 0.0013864884601034382
variance: 1.922350250000003e-06
max: 0.124521
min: 0.117866
