n: 20
mean: 0.15939655
standard deviation: 0.0016959104774427216
variance: 2.8761123475e-06
max: 0.165658
min: 0.158387
