n: 20
mean: 0.20762635000000004
standard deviation: 0.0018138306501710693
variance: 3.2899816275000038e-06
max: 0.212588
min: 0.205023
