n: 20
mean: 0.3063671
standard deviation: 0.0018673280349204885
variance: 3.486913990000013e-06
max: 0.311143
min: 0.304278
