n: 20
mean: 0.39074264999999997
standard deviation: 0.0020833688409640713
variance: 4.340425727499978e-06
max: 0.399203
min: 0.389586
