n: 20
mean: 0.216818
standard deviation: 0.002083301298420372
variance: 4.340144300000007e-06
max: 0.222703
min: 0.215087
