n: 20
mean: 0.2865656
standard deviation: 0.001500124974793772
variance: 2.250374940000015e-06
max: 0.292596
min: 0.285562
