n: 20
mean: 0.20417785
standard deviation: 0.001162415686189752
variance: 1.351210227499992e-06
max: 0.207275
min: 0.203005
