n: 20
mean: 0.27226575
standard deviation: 0.0025450023747533206
variance: 6.47703708750004e-06
max: 0.278552
min: 0.270194
