n: 20
mean: 0.20691720000000005
standard deviation: 0.001849599378243841
variance: 3.421017860000003e-06
max: 0.213536
min: 0.205292
