n: 20
mean: 0.15787005
standard deviation: 0.0017254906396442704
variance: 2.9773179474999936e-06
max: 0.164566
min: 0.156561
