n: 20
mean: 0.11978629999999998
standard deviation: 0.0018245134447298543
variance: 3.328849309999999e-06
max: 0.125583
min: 0.118398
