n: 20
mean: 0.13289375
standard deviation: 0.002208490250714276
variance: 4.877429187500007e-06
max: 0.141465
min: 0.131493
