n: 20
mean: 0.1798313
standard deviation: 0.0016084995212930595
variance: 2.5872707100000013e-06
max: 0.184917
min: 0.178204
