n: 20
mean: 0.2336484
standard deviation: 0.0026802853654042166
variance: 7.183929640000015e-06
max: 0.241353
min: 0.231126
