n: 20
mean: 0.48343645
standard deviation: 0.0019186167797400268
variance: 3.681090347499991e-06
max: 0.488867
min: 0.48155
