n: 20
mean: 0.6561714500000001
standard deviation: 0.0016288304231871467
variance: 2.6530885475000198e-06
max: 0.661271
min: 0.654454
