n: 20
mean: 0.37766595
standard deviation: 0.0018377768492121107
variance: 3.377423747499993e-06
max: 0.384586
min: 0.375986
