n: 20
mean: 0.52635785
standard deviation: 0.0019793948134467845
variance: 3.918003827500031e-06
max: 0.531791
min: 0.524167
