n: 20
mean: 0.21213074999999998
standard deviation: 0.0017858502141837092
variance: 3.1892609875000003e-06
max: 0.21922
min: 0.210924
