n: 20
mean: 0.1573712
standard deviation: 0.0020609588690704123
variance: 4.247551459999993e-06
max: 0.163872
min: 0.155441
