n: 20
mean: 0.2176924
standard deviation: 0.0019383669776386514
variance: 3.7572665399999998e-06
max: 0.225015
min: 0.215285
