n: 20
mean: 0.16530569999999997
standard deviation: 0.0020841381696039226
variance: 4.343631909999989e-06
max: 0.172279
min: 0.163442
