n: 20
mean: 0.12049614999999998
standard deviation: 0.0013021321851102528
variance: 1.6955482275000015e-06
max: 0.124256
min: 0.11915
