n: 20
mean: 0.10208049999999999
standard deviation: 0.0013082649387643147
variance: 1.711557149999996e-06
max: 0.106593
min: 0.100577
