n: 20
mean: 0.18160670000000004
standard deviation: 0.004231618450427686
variance: 1.7906594710000007e-05
max: 0.19797
min: 0.178802
