n: 20
mean: 0.29035580000000005
standard deviation: 0.0011933751128626738
variance: 1.4241441599999993e-06
max: 0.294228
min: 0.288857
