n: 20
mean: 1.3133162
standard deviation: 0.0029770391095852123
variance: 8.862761859999913e-06
max: 1.32245
min: 1.310283
