n: 20
mean: 1.8761576500000001
standard deviation: 0.007730086340235792
variance: 5.975423482749999e-05
max: 1.900074
min: 1.868789
