n: 20
mean: 1.7422921500000002
standard deviation: 0.14964243343660077
variance: 0.022392857884827495
max: 2.394408
min: 1.703635
