n: 20
mean: 2.4180341500000004
standard deviation: 0.00768832788241372
variance: 5.911038562750024e-05
max: 2.434411
min: 2.409824
