n: 20
mean: 0.47823720000000014
standard deviation: 0.0025220092109268758
variance: 6.360530460000002e-06
max: 0.487035
min: 0.47611
