n: 20
mean: 0.61066565
standard deviation: 0.0026680801951028373
variance: 7.118651927499993e-06
max: 0.621375
min: 0.608565
