n: 20
mean: 0.6129893999999999
standard deviation: 0.003074267919359009
variance: 9.45112323999997e-06
max: 0.624736
min: 0.609363
