n: 20
mean: 0.37442875000000003
standard deviation: 0.002010471160574058
variance: 4.0419942875e-06
max: 0.381172
min: 0.371939
