n: 20
mean: 0.8421390000000001
standard deviation: 0.0036290485254402488
variance: 1.3169993200000044e-05
max: 0.856724
min: 0.839036
