n: 20
mean: 0.7030720500000001
standard deviation: 0.0032689785939189002
variance: 1.068622104749999e-05
max: 0.713568
min: 0.699331
