n: 20
mean: 0.5144962999999999
standard deviation: 0.001892422365646726
variance: 3.5812624099999506e-06
max: 0.5202
min: 0.512708
