n: 20
mean: 0.32958830000000006
standard deviation: 0.002138529754293827
variance: 4.573309510000018e-06
max: 0.338133
min: 0.327155
