n: 20
mean: 1.4864089
standard deviation: 0.023764399455698408
variance: 0.0005647466814899988
max: 1.58862
min: 1.47585
