n: 20
mean: 1.1441080000000001
standard deviation: 0.0015669605610863354
variance: 2.455365400000003e-06
max: 1.149952
min: 1.142308
