n: 20
mean: 1.5909459
standard deviation: 0.002438047659501349
variance: 5.944076390000006e-06
max: 1.597346
min: 1.588528
