n: 20
mean: 2.0351241500000006
standard deviation: 0.004885078825106107
variance: 2.3863995127500065e-05
max: 2.049522
min: 2.028857
