n: 20
mean: 0.09608624999999998
standard deviation: 0.001290761708256021
variance: 1.6660657875000011e-06
max: 0.10094
min: 0.095201
