n: 20
mean: 0.10765640000000001
standard deviation: 0.0020133082327353645
variance: 4.0534100399999975e-06
max: 0.114991
min: 0.106361
