n: 20
mean: 0.0833626
standard deviation: 0.0013898157575736433
variance: 1.9315878400000002e-06
max: 0.088643
min: 0.081989
