n: 20
mean: 0.1412505
standard deviation: 0.0026006745951771817
variance: 6.763508349999998e-06
max: 0.151585
min: 0.139625
