n: 20
mean: 0.12606089999999998
standard deviation: 0.001125977393201125
variance: 1.267825090000001e-06
max: 0.129641
min: 0.12432
