n: 20
mean: 0.057959
standard deviation: 0.0015369769028843595
variance: 2.3622979999999976e-06
max: 0.062762
min: 0.056487
