n: 20
mean: 0.09289115
standard deviation: 0.0018747534044508342
variance: 3.5147003274999934e-06
max: 0.100099
min: 0.091161
