n: 20
mean: 0.18674855000000004
standard deviation: 0.0017193327913757708
variance: 2.9561052474999993e-06
max: 0.192854
min: 0.185176
