n: 20
mean: 0.6723287000000001
standard deviation: 0.005665949612377444
variance: 3.2102985010000105e-05
max: 0.691721
min: 0.66871
