n: 20
mean: 0.8892758000000001
standard deviation: 0.0018467459110554512
variance: 3.4104704600000286e-06
max: 0.894171
min: 0.885919
