n: 20
mean: 1.10769375
standard deviation: 0.0031284643177603984
variance: 9.787288987500033e-06
max: 1.116947
min: 1.104183
