n: 20
mean: 1.3756632500000001
standard deviation: 0.014317834221260541
variance: 0.00020500037678749944
max: 1.426467
min: 1.365668
