n: 20
mean: 0.37970080000000006
standard deviation: 0.002213252303737647
variance: 4.898485760000002e-06
max: 0.387907
min: 0.378281
