n: 20
mean: 0.26876774999999997
standard deviation: 0.0019743096483328085
variance: 3.8978985875000176e-06
max: 0.276747
min: 0.267406
