n: 20
mean: 0.14526884999999998
standard deviation: 0.0016757152883172006
variance: 2.8080217274999987e-06
max: 0.150171
min: 0.143591
