n: 20
mean: 0.23370345
standard deviation: 0.0021776836885782995
variance: 4.742306247499989e-06
max: 0.242246
min: 0.231503
