n: 20
mean: 0.1760101
standard deviation: 0.001899484085218932
variance: 3.608039790000003e-06
max: 0.183482
min: 0.174682
