n: 20
mean: 0.45423600000000003
standard deviation: 0.0016178924562528854
variance: 2.6175759999999944e-06
max: 0.461088
min: 0.453141
