n: 20
mean: 0.23483385
standard deviation: 0.001613126847926103
variance: 2.6021782275000046e-06
max: 0.241347
min: 0.233914
