n: 20
mean: 0.38114995
standard deviation: 0.002072382070830566
variance: 4.294767447499985e-06
max: 0.386654
min: 0.378515
