n: 20
mean: 0.0012397999999999999
standard deviation: 0.00029145044175639883
variance: 8.494336000000004e-08
max: 0.001988
min: 0.000913
