n: 20
mean: 0.00114205
standard deviation: 0.00024678360460127815
variance: 6.09021475e-08
max: 0.001793
min: 0.000816
