n: 20
mean: 0.0010889499999999998
standard deviation: 0.00017484406624189452
variance: 3.05704475e-08
max: 0.001558
min: 0.000866
