n: 20
mean: 0.0010298999999999998
standard deviation: 0.0002525218604398439
variance: 6.376729000000001e-08
max: 0.001688
min: 0.000665
