n: 20
mean: 0.00100835
standard deviation: 0.0002822178723964873
variance: 7.96469275e-08
max: 0.001709
min: 0.000671
