n: 20
mean: 3.0149999999999994e-05
standard deviation: 8.855930216527227e-06
variance: 7.842749999999999e-11
max: 4.7e-05
min: 2.1e-05
