n: 20
mean: 2.9200000000000005e-05
standard deviation: 7.79487010796203e-06
variance: 6.075999999999999e-11
max: 5.5e-05
min: 2e-05
