n: 20
mean: 0.00110345
standard deviation: 0.00016486220761593605
variance: 2.7179547500000002e-08
max: 0.001516
min: 0.000892
