n: 20
mean: 0.00124945
standard deviation: 0.00034952317162099565
variance: 1.221664475e-07
max: 0.002065
min: 0.000926
