n: 20
mean: 0.0010838
standard deviation: 0.00017915317468579787
variance: 3.2095860000000007e-08
max: 0.001642
min: 0.000839
