n: 20
mean: 0.0009127999999999999
standard deviation: 0.0001096921145752966
variance: 1.2032359999999999e-08
max: 0.00114
min: 0.000728
