n: 20
mean: 0.0009568499999999999
standard deviation: 0.0001944354070122003
variance: 3.7805127499999986e-08
max: 0.00155
min: 0.000728
