n: 20
mean: 0.02670165
standard deviation: 0.0013830404287293993
variance: 1.9128008275000004e-06
max: 0.030586
min: 0.025473
