n: 20
mean: 0.027401850000000005
standard deviation: 0.0020099857033073643
variance: 4.0400425275e-06
max: 0.031295
min: 0.025384
