n: 20
mean: 0.032093500000000004
standard deviation: 0.0012737144695731464
variance: 1.6223485500000015e-06
max: 0.036477
min: 0.031019
