n: 20
mean: 0.03200794999999999
standard deviation: 0.001548346294438037
variance: 2.3973762475e-06
max: 0.036091
min: 0.030853
