n: 20
mean: 0.013308650000000002
standard deviation: 0.0008998097173847365
variance: 8.096575274999994e-07
max: 0.015567
min: 0.012441
