n: 20
mean: 0.0151355
standard deviation: 0.0009389742009235401
variance: 8.816725500000007e-07
max: 0.017867
min: 0.014454
