n: 20
mean: 0.01418185
standard deviation: 0.0008179952490693327
variance: 6.691162274999997e-07
max: 0.016271
min: 0.013579
