n: 20
mean: 0.013634199999999999
standard deviation: 0.0008989590424485421
variance: 8.081273599999998e-07
max: 0.015939
min: 0.012752
