n: 20
mean: 0.011169749999999999
standard deviation: 0.0008129565717183175
variance: 6.608983875e-07
max: 0.013245
min: 0.010231
