n: 20
mean: 0.013272350000000002
standard deviation: 0.0012873312811782366
variance: 1.6572218275e-06
max: 0.016929
min: 0.012052
