n: 20
mean: 0.011566300000000002
standard deviation: 0.0011650764824679965
variance: 1.35740321e-06
max: 0.014211
min: 0.010235
