n: 20
mean: 0.01309785
standard deviation: 0.0010946154244756466
variance: 1.1981829275000002e-06
max: 0.015289
min: 0.011891
