n: 20
mean: 0.39123279999999994
standard deviation: 0.0020913698286051615
variance: 4.373827759999983e-06
max: 0.398499
min: 0.389671
