n: 20
mean: 0.28900025
standard deviation: 0.005783283893040358
variance: 3.3446372587500035e-05
max: 0.312331
min: 0.285579
