n: 20
mean: 0.306517
standard deviation: 0.002012655832476088
variance: 4.050783500000015e-06
max: 0.310597
min: 0.304134
