n: 20
mean: 0.2171284
standard deviation: 0.0018350640697261805
variance: 3.367460140000012e-06
max: 0.223953
min: 0.215158
