n: 20
mean: 0.23270950000000004
standard deviation: 0.0017260859914847836
variance: 2.9793728500000083e-06
max: 0.238682
min: 0.231044
