n: 20
mean: 0.17982355
standard deviation: 0.0014224207350499345
variance: 2.0232807474999962e-06
max: 0.183909
min: 0.178095
