n: 20
mean: 0.13273174999999998
standard deviation: 0.001770095869578821
variance: 3.133239387500003e-06
max: 0.138526
min: 0.131335
