n: 20
mean: 0.20710220000000001
standard deviation: 0.0020363791542834073
variance: 4.146840060000005e-06
max: 0.213391
min: 0.204767
