n: 20
mean: 0.12083515
standard deviation: 0.0017589841180351777
variance: 3.094025127499992e-06
max: 0.126375
min: 0.118644
