n: 20
mean: 0.20463895000000001
standard deviation: 0.00202511524301705
variance: 4.101091747500006e-06
max: 0.211492
min: 0.202878
