n: 20
mean: 0.1586049
standard deviation: 0.0015196881226093714
variance: 2.3094519899999955e-06
max: 0.162314
min: 0.156594
