n: 20
mean: 0.2724339
standard deviation: 0.0016244938565596358
variance: 2.6389802899999987e-06
max: 0.277204
min: 0.270403
