n: 20
mean: 0.0008404500000000001
standard deviation: 0.00027924603399153233
variance: 7.797834750000001e-08
max: 0.00161
min: 0.000631
