n: 20
mean: 0.39437964999999997
standard deviation: 0.00254040046596988
variance: 6.4536345274999814e-06
max: 0.402748
min: 0.391483
