n: 20
mean: 0.3868823
standard deviation: 0.0016448962915636967
variance: 2.705683810000002e-06
max: 0.393054
min: 0.385734
