n: 20
mean: 0.00066875
standard deviation: 7.14372976812533e-05
variance: 5.1032874999999984e-09
max: 0.0009
min: 0.000625
