n: 20
mean: 0.23654310000000006
standard deviation: 0.0017590620199413056
variance: 3.0942991899999864e-06
max: 0.242329
min: 0.23488
