n: 20
mean: 0.0007814
standard deviation: 0.00010859023897201812
variance: 1.1791840000000003e-08
max: 0.001219
min: 0.000655
