n: 20
mean: 0.00081375
standard deviation: 0.00020211627222962525
variance: 4.085098749999999e-08
max: 0.001661
min: 0.000648
