n: 20
mean: 0.012718650000000001
standard deviation: 0.0008422640485619697
variance: 7.094087275000001e-07
max: 0.014915
min: 0.012248
