n: 20
mean: 0.27263715
standard deviation: 0.0016857321636309834
variance: 2.8416929274999965e-06
max: 0.279327
min: 0.271239
