n: 20
mean: 0.21176689999999998
standard deviation: 0.0016092240335018634
variance: 2.5896019900000063e-06
max: 0.215368
min: 0.209148
