n: 20
mean: 0.2689698
standard deviation: 0.01678821565741875
variance: 0.0002818441849600001
max: 0.341882
min: 0.263923
