n: 20
mean: 0.012939200000000001
standard deviation: 0.0007235702868415757
variance: 5.2355396e-07
max: 0.014826
min: 0.012453
