n: 20
mean: 1.110523
standard deviation: 0.011934644360013388
variance: 0.0001424357359999994
max: 1.159865
min: 1.104732
