n: 20
mean: 0.1972111
standard deviation: 0.0017986528542217354
variance: 3.2351520899999954e-06
max: 0.203281
min: 0.196093
