n: 20
mean: 0.6897547
standard deviation: 0.001947335797955749
variance: 3.7921167099999538e-06
max: 0.695834
min: 0.687446
