n: 20
mean: 3.11699625
standard deviation: 0.0190910548762372
variance: 0.0003644683762875002
max: 3.194236
min: 3.107015
