n: 20
mean: 3.00439005
standard deviation: 0.026551043782636848
variance: 0.0007049579259474988
max: 3.118286
min: 2.994188
