n: 20
mean: 0.7762101499999998
standard deviation: 0.0032036603795502485
variance: 1.0263439827500043e-05
max: 0.785348
min: 0.772946
