n: 20
mean: 7.180842800000002
standard deviation: 0.022104528261421917
variance: 0.0004886101696600002
max: 7.255119
min: 7.137848
