n: 20
mean: 1.4691329999999998
standard deviation: 0.007476176897318579
variance: 5.5893221000000054e-05
max: 1.498488
min: 1.463609
