n: 20
mean: 0.7944867999999998
standard deviation: 0.0019735176361005712
variance: 3.894771859999986e-06
max: 0.798715
min: 0.792362
