n: 20
mean: 0.4769433
standard deviation: 0.0020270004464725704
variance: 4.108730810000001e-06
max: 0.48478
min: 0.474675
