n: 20
mean: 0.10825915
standard deviation: 0.0018936965246575295
variance: 3.5860865275000055e-06
max: 0.116417
min: 0.10755
