n: 20
mean: 0.13649630000000001
standard deviation: 0.0014653336514255037
variance: 2.1472027099999994e-06
max: 0.142517
min: 0.135723
