n: 20
mean: 0.16432685000000002
standard deviation: 0.00119944121469124
variance: 1.438659227499997e-06
max: 0.167797
min: 0.163203
