n: 20
mean: 0.1639637
standard deviation: 0.000766636230555272
variance: 5.877311099999963e-07
max: 0.165923
min: 0.163192
