n: 20
mean: 0.21492505000000003
standard deviation: 0.0008982825543780762
variance: 8.069115475000016e-07
max: 0.217112
min: 0.213249
