n: 20
mean: 0.21173809999999998
standard deviation: 0.001062708280761939
variance: 1.1293488899999962e-06
max: 0.214114
min: 0.210428
