n: 20
mean: 0.20951065
standard deviation: 0.0020477417873110853
variance: 4.193246427499998e-06
max: 0.214825
min: 0.207255
