n: 20
mean: 0.30918829999999997
standard deviation: 0.003595874151023646
variance: 1.2930310910000026e-05
max: 0.318394
min: 0.306569
