n: 20
mean: 0.39816575
standard deviation: 0.0024140589237837628
variance: 5.827680487500018e-06
max: 0.403553
min: 0.395217
