n: 20
mean: 0.40295325000000004
standard deviation: 0.004166865847072589
variance: 1.7362770987499962e-05
max: 0.414527
min: 0.398887
