n: 20
mean: 0.27205130000000005
standard deviation: 0.006153801874451277
variance: 3.786927751000005e-05
max: 0.296874
min: 0.268484
