n: 20
mean: 0.27754294999999995
standard deviation: 0.0023522535891140734
variance: 5.5330969475000405e-06
max: 0.283137
min: 0.27513
