n: 20
mean: 0.19453115
standard deviation: 0.001608326343594481
variance: 2.5867136274999923e-06
max: 0.197672
min: 0.192449
