n: 20
mean: 0.24225850000000002
standard deviation: 0.06509446498320728
variance: 0.004237289371449999
max: 0.525709
min: 0.225146
