n: 20
mean: 0.28502210000000006
standard deviation: 0.0024350240840698054
variance: 5.929342289999996e-06
max: 0.291626
min: 0.282409
