n: 20
mean: 0.20998265000000002
standard deviation: 0.0020914386262809634
variance: 4.374115527500003e-06
max: 0.216954
min: 0.208155
