n: 20
mean: 0.11795335
standard deviation: 0.0016609047918228173
variance: 2.758604727499996e-06
max: 0.123412
min: 0.11559
