n: 20
mean: 0.17616225
standard deviation: 0.0014560863255658975
variance: 2.1201873874999965e-06
max: 0.179721
min: 0.174729
