n: 20
mean: 0.19832475
standard deviation: 0.0024457571399262032
variance: 5.9817279875000025e-06
max: 0.204856
min: 0.196112
