n: 20
mean: 0.1494684
standard deviation: 0.0030850842678928556
variance: 9.517744939999996e-06
max: 0.157747
min: 0.146945
