n: 20
mean: 0.13488365000000002
standard deviation: 0.0012390543279049563
variance: 1.535255627500003e-06
max: 0.137335
min: 0.133502
