n: 20
mean: 0.27131370000000005
standard deviation: 0.002241271070174242
variance: 5.023296009999992e-06
max: 0.277966
min: 0.268617
