n: 20
mean: 0.2088085
standard deviation: 0.001990491183100293
variance: 3.962055150000003e-06
max: 0.213869
min: 0.207096
