n: 20
mean: 0.3091436
standard deviation: 0.0017753035346103525
variance: 3.151702640000011e-06
max: 0.313089
min: 0.307212
