n: 20
mean: 0.39779194999999995
standard deviation: 0.003128504122979547
variance: 9.787538047500025e-06
max: 0.41015
min: 0.395644
