n: 20
mean: 0.40089075
standard deviation: 0.0020792170611795215
variance: 4.323143587500006e-06
max: 0.406021
min: 0.398747
