n: 20
mean: 0.23851355000000002
standard deviation: 0.004133044416347352
variance: 1.7082056147500024e-05
max: 0.254188
min: 0.234883
