n: 20
mean: 0.18652335
standard deviation: 0.0024730762073781726
variance: 6.116105927500006e-06
max: 0.19475
min: 0.184274
