n: 20
mean: 0.2844008
standard deviation: 0.0022836236467509287
variance: 5.214936960000009e-06
max: 0.288925
min: 0.282452
