n: 20
mean: 0.212825
standard deviation: 0.002858083798631522
variance: 8.16864299999999e-06
max: 0.219249
min: 0.2102
