n: 20
mean: 0.1183033
standard deviation: 0.001535554202885721
variance: 2.3579267100000017e-06
max: 0.121799
min: 0.116816
