n: 20
mean: 0.27742275
standard deviation: 0.0015097707731639251
variance: 2.279407787499996e-06
max: 0.281014
min: 0.275239
