n: 20
mean: 0.21161624999999998
standard deviation: 0.002586101233034005
variance: 6.6879195875e-06
max: 0.217306
min: 0.208664
