n: 20
mean: 0.12961665000000003
standard deviation: 0.002077792176205309
variance: 4.317220327499994e-06
max: 0.136147
min: 0.127977
