n: 20
mean: 0.15171825
standard deviation: 0.0022676640155675615
variance: 5.1423000874999975e-06
max: 0.16047
min: 0.149655
