n: 20
mean: 0.19435975
standard deviation: 0.001978891403665191
variance: 3.916011187499991e-06
max: 0.198745
min: 0.192259
