n: 20
mean: 0.21585430000000003
standard deviation: 0.0008462649171506551
variance: 7.161643100000052e-07
max: 0.217902
min: 0.215104
