n: 20
mean: 0.26586420000000005
standard deviation: 0.0005610214434404423
variance: 3.147450599999974e-07
max: 0.267298
min: 0.265168
