n: 20
mean: 0.3052668
standard deviation: 0.0012593777272923267
variance: 1.5860322599999859e-06
max: 0.308563
min: 0.304335
