n: 20
mean: 0.38921740000000005
standard deviation: 0.0024940591292108506
variance: 6.220330939999986e-06
max: 0.399271
min: 0.387301
