n: 20
mean: 0.28735960000000005
standard deviation: 0.0017307131015855874
variance: 2.9953678400000038e-06
max: 0.293764
min: 0.285866
