n: 20
mean: 0.30574525
standard deviation: 0.0018516313314210257
variance: 3.4285385875000003e-06
max: 0.309774
min: 0.303386
