n: 20
mean: 0.3939289
standard deviation: 0.0023739923946803116
variance: 5.635839889999961e-06
max: 0.40034
min: 0.391341
