n: 20
mean: 0.21616735
standard deviation: 0.00201786320832211
variance: 4.071771927499999e-06
max: 0.223164
min: 0.214895
