n: 20
mean: 0.20716744999999998
standard deviation: 0.0019366226652345049
variance: 3.7505073474999976e-06
max: 0.213061
min: 0.205273
