n: 20
mean: 0.1334851
standard deviation: 0.0016364755085243447
variance: 2.678052090000012e-06
max: 0.139278
min: 0.131955
