n: 20
mean: 0.27199875000000007
standard deviation: 0.0015856665436024037
variance: 2.514338387499993e-06
max: 0.277622
min: 0.27017
