n: 20
mean: 0.12002780000000002
standard deviation: 0.0015543215433107779
variance: 2.415915459999998e-06
max: 0.125463
min: 0.118684
