n: 20
mean: 0.2367166
standard deviation: 0.002605732956386747
variance: 6.789844240000017e-06
max: 0.244074
min: 0.23439
