n: 20
mean: 0.20491384999999998
standard deviation: 0.0019841745456234436
variance: 3.936948627499999e-06
max: 0.211648
min: 0.203134
