n: 20
mean: 0.15857220000000002
standard deviation: 0.001614716650065889
variance: 2.6073098600000066e-06
max: 0.16434
min: 0.156995
