n: 20
mean: 0.1794499
standard deviation: 0.001257435879080921
variance: 1.5811449900000086e-06
max: 0.184599
min: 0.178723
