n: 20
mean: 0.2053932
standard deviation: 0.0016303331132011029
variance: 2.6579860600000005e-06
max: 0.210867
min: 0.20425
