n: 20
mean: 0.16083625000000001
standard deviation: 0.002395542733390494
variance: 5.738624987499998e-06
max: 0.168814
min: 0.159214
