n: 20
mean: 0.16248155
standard deviation: 0.0026883613498746785
variance: 7.227286747500002e-06
max: 0.168904
min: 0.159172
