n: 20
mean: 0.2066794
standard deviation: 0.003163979984133908
variance: 1.0010769340000005e-05
max: 0.21365
min: 0.203347
