n: 20
mean: 0.01409695
standard deviation: 0.0007616221159472721
variance: 5.800682474999999e-07
max: 0.016295
min: 0.013445
