n: 20
mean: 0.0759322
standard deviation: 0.001525573485611231
variance: 2.327374460000001e-06
max: 0.080858
min: 0.074316
