n: 20
mean: 0.07539195
standard deviation: 0.0019061851556184159
variance: 3.6335418475000043e-06
max: 0.083263
min: 0.07448
