n: 20
mean: 0.0133714
standard deviation: 0.001008155117033088
variance: 1.0163767399999996e-06
max: 0.015469
min: 0.012485
