n: 20
mean: 0.09753925000000001
standard deviation: 0.002072157761247922
variance: 4.2938377875e-06
max: 0.102683
min: 0.095763
