n: 20
mean: 0.09718975
standard deviation: 0.0024228162719240605
variance: 5.8700386875000035e-06
max: 0.104482
min: 0.095014
