n: 20
mean: 0.015351150000000003
standard deviation: 0.0009768743150989283
variance: 9.542834275e-07
max: 0.017932
min: 0.014548
