n: 20
mean: 0.2554384
standard deviation: 0.0008349769697422875
variance: 6.971865400000129e-07
max: 0.257736
min: 0.254511
