n: 20
mean: 0.21296865
standard deviation: 0.0014814359680728685
variance: 2.194652527499997e-06
max: 0.217279
min: 0.211553
