n: 20
mean: 0.37719205
standard deviation: 0.0007295696317007746
variance: 5.322718475000039e-07
max: 0.378719
min: 0.376071
