n: 20
mean: 0.3026424
standard deviation: 0.0014601532248363573
variance: 2.1320474400000138e-06
max: 0.306485
min: 0.3008
