n: 20
mean: 0.38708835
standard deviation: 0.0013173693967524786
variance: 1.7354621274999897e-06
max: 0.389998
min: 0.385498
