n: 20
mean: 0.2650834
standard deviation: 0.0012585020222470804
variance: 1.5838273399999905e-06
max: 0.267651
min: 0.263463
