n: 20
mean: 0.30228685
standard deviation: 0.0021428577945118038
variance: 4.591839527499992e-06
max: 0.30893
min: 0.30065
