n: 20
mean: 0.21260505
standard deviation: 0.001640959825071897
variance: 2.6927491474999914e-06
max: 0.218183
min: 0.211058
