n: 20
mean: 0.3064052
standard deviation: 0.002406407500819428
variance: 5.790797060000007e-06
max: 0.312257
min: 0.304467
