n: 20
mean: 0.21723715000000002
standard deviation: 0.0017254179863151985
variance: 2.9770672274999947e-06
max: 0.223461
min: 0.215533
