n: 20
mean: 0.25777325
standard deviation: 0.0018282818402806538
variance: 3.3426144875000143e-06
max: 0.26312
min: 0.255736
