n: 20
mean: 0.27269225
standard deviation: 0.0019368569352174703
variance: 3.751414787500012e-06
max: 0.27865
min: 0.270551
