n: 20
mean: 0.13201939999999995
standard deviation: 0.001990538881810651
variance: 3.9622450399999965e-06
max: 0.138873
min: 0.130277
