n: 20
mean: 0.12011485000000002
standard deviation: 0.0018600834732613474
variance: 3.459910527499998e-06
max: 0.126494
min: 0.118576
