n: 20
mean: 0.1469314
standard deviation: 0.001453640615833228
variance: 2.113071040000006e-06
max: 0.152559
min: 0.14583
