n: 20
mean: 0.20339174999999998
standard deviation: 0.001798617131993355
variance: 3.235023587500002e-06
max: 0.209387
min: 0.202408
