n: 20
mean: 0.1799278
standard deviation: 0.0019559500146987406
variance: 3.825740460000004e-06
max: 0.185279
min: 0.178165
