n: 20
mean: 0.23681875000000002
standard deviation: 0.0016900988395653065
variance: 2.856434087499996e-06
max: 0.24234
min: 0.234222
