n: 20
mean: 0.19837520000000003
standard deviation: 0.0017584132221977863
variance: 3.0920170600000015e-06
max: 0.204923
min: 0.196649
