n: 20
mean: 0.22558360000000005
standard deviation: 0.0026037527609202816
variance: 6.779528439999989e-06
max: 0.233892
min: 0.223849
