n: 20
mean: 0.00088775
standard deviation: 0.0003336145792677532
variance: 1.1129868749999999e-07
max: 0.001624
min: 0.000625
