n: 20
mean: 7.3216797499999995
standard deviation: 0.007894186695759175
variance: 6.231818358750115e-05
max: 7.34677
min: 7.310897
