n: 20
mean: 0.0029052500000000003
standard deviation: 0.0001033285415555644
variance: 1.06767875e-08
max: 0.003219
min: 0.002838
