n: 20
mean: 1.8121067499999999
standard deviation: 0.009845165010679079
variance: 9.692727408749959e-05
max: 1.83673
min: 1.797568
