n: 20
mean: 5.6146198499999995
standard deviation: 0.028647648403097536
variance: 0.0008206877590274967
max: 5.681034
min: 5.59618
