n: 20
mean: 0.032609650000000004
standard deviation: 0.0010932455934052514
variance: 1.1951859275000003e-06
max: 0.0368
min: 0.032066
