n: 20
mean: 0.00328175
standard deviation: 0.00011956457460301527
variance: 1.4295687500000006e-08
max: 0.003552
min: 0.003132
