n: 20
mean: 5.49083165
standard deviation: 0.004999871471098062
variance: 2.49987147275003e-05
max: 5.499275
min: 5.477307
