n: 20
mean: 1.2128052500000002
standard deviation: 0.007352869439035367
variance: 5.4064688987500275e-05
max: 1.240838
min: 1.208023
