n: 20
mean: 0.0129975
standard deviation: 0.000717553586849094
variance: 5.148831500000002e-07
max: 0.014746
min: 0.012269
