n: 20
mean: 0.00074525
standard deviation: 5.128535365969507e-05
variance: 2.6301874999999988e-09
max: 0.000814
min: 0.000647
