n: 20
mean: 1.2422493000000001
standard deviation: 0.0033365139906794995
variance: 1.113232561000004e-05
max: 1.250288
min: 1.23712
