n: 20
mean: 1.1235427999999998
standard deviation: 0.002987018774631338
variance: 8.9222811600001e-06
max: 1.13291
min: 1.120923
