n: 20
mean: 0.19825410000000002
standard deviation: 0.001747195034905949
variance: 3.0526904900000005e-06
max: 0.202528
min: 0.197101
