n: 20
mean: 0.19828445
standard deviation: 0.0026031464898272666
variance: 6.776371647500019e-06
max: 0.208466
min: 0.197114
