n: 20
mean: 3.078594
standard deviation: 0.004648761813644556
variance: 2.161098639999982e-05
max: 3.092805
min: 3.0703
