n: 20
mean: 0.11119970000000001
standard deviation: 0.001080118053733017
variance: 1.166655010000001e-06
max: 0.115251
min: 0.110651
