n: 20
mean: 0.13131645000000003
standard deviation: 0.0012946689335501928
variance: 1.6761676474999936e-06
max: 0.136867
min: 0.130725
