n: 20
mean: 0.13180135
standard deviation: 0.0014157893301971183
variance: 2.004459427500005e-06
max: 0.137331
min: 0.130737
