n: 20
mean: 0.1111898
standard deviation: 0.000990960776216698
variance: 9.820032600000007e-07
max: 0.115093
min: 0.11062
