n: 20
mean: 1.4943639499999999
standard deviation: 0.11985626056342448
variance: 0.0143655231962475
max: 2.01527
min: 1.45962
