n: 20
mean: 7.1618422
standard deviation: 0.01777032834699453
variance: 0.00031578456955999736
max: 7.210563
min: 7.148407
