n: 20
mean: 2.9848951500000003
standard deviation: 0.0033625717877095
variance: 1.1306889027499863e-05
max: 2.992852
min: 2.980214
