n: 20
mean: 0.79920165
standard deviation: 0.0033598434379446857
variance: 1.1288547927499965e-05
max: 0.808326
min: 0.795639
