n: 20
mean: 2.1142077
standard deviation: 0.006363108415703703
variance: 4.0489148709999296e-05
max: 2.128799
min: 2.107346
