n: 20
mean: 0.35714755
standard deviation: 0.001518995736498298
variance: 2.307348047500007e-06
max: 0.36297
min: 0.356161
