n: 20
mean: 6.0602633500000005
standard deviation: 0.01448736652492436
variance: 0.00020988378882749894
max: 6.113645
min: 6.047303
