n: 20
mean: 0.35724180000000005
standard deviation: 0.0019188600678527895
variance: 3.682023960000012e-06
max: 0.363265
min: 0.356153
