n: 20
mean: 0.8928291500000001
standard deviation: 0.0020368737141757097
variance: 4.148854527499951e-06
max: 0.899323
min: 0.891336
