n: 20
mean: 3.21666915
standard deviation: 0.010861299702498767
variance: 0.0001179678312274998
max: 3.262419
min: 3.21047
