n: 20
mean: 0.1091735
standard deviation: 0.0015222461200476078
variance: 2.317233249999996e-06
max: 0.115685
min: 0.108493
