n: 20
mean: 0.09814514999999999
standard deviation: 0.0016240264860832797
variance: 2.6374620275000054e-06
max: 0.105065
min: 0.097407
