n: 20
mean: 1.388065
standard deviation: 0.003548919201672517
variance: 1.2594827499999895e-05
max: 1.398142
min: 1.385314
