n: 20
mean: 0.09812805
standard deviation: 0.0015417064401175734
variance: 2.376858747500001e-06
max: 0.104603
min: 0.097419
