n: 20
mean: 0.10994265
standard deviation: 0.001828008103784006
variance: 3.341613627499997e-06
max: 0.114995
min: 0.108577
