n: 20
mean: 7.370738749999998
standard deviation: 0.01467562279726143
variance: 0.0002153739044874994
max: 7.428279
min: 7.360275
