n: 20
mean: 23.4504468
standard deviation: 0.09909336516013591
variance: 0.009819495018760036
max: 23.703039
min: 23.382065
