n: 20
mean: 7.3876696
standard deviation: 0.048195208390876376
variance: 0.002322778111840001
max: 7.596813
min: 7.369419
