n: 20
mean: 1.23979105
standard deviation: 0.005162282687678003
variance: 2.6649162547500025e-05
max: 1.260607
min: 1.236487
