n: 20
mean: 1.2481230499999998
standard deviation: 0.034415950966775584
variance: 0.0011844576809475012
max: 1.38172
min: 1.235965
