n: 20
mean: 22.63022865
standard deviation: 0.057129324598909154
variance: 0.0032637597291275263
max: 22.870667
min: 22.601618
