n: 20
mean: 10.0989583
standard deviation: 0.022849006656964484
variance: 0.0005220771052100073
max: 10.192282
min: 10.084054
