n: 20
mean: 0.29705124999999993
standard deviation: 0.0019463463945300133
variance: 3.7882642874999823e-06
max: 0.303801
min: 0.295448
