n: 20
mean: 0.29701495
standard deviation: 0.0014623133547567735
variance: 2.138360347500009e-06
max: 0.302188
min: 0.295666
