n: 20
mean: 0.3778178
standard deviation: 0.003156761498751531
variance: 9.965143160000012e-06
max: 0.386696
min: 0.373592
