n: 20
mean: 4.2883904500000005
standard deviation: 0.008091947895747936
variance: 6.547962074749945e-05
max: 4.314099
min: 4.279797
