n: 20
mean: 0.3769549
standard deviation: 0.002525681688178462
variance: 6.379067990000006e-06
max: 0.380861
min: 0.372554
