n: 20
mean: 2.6123462
standard deviation: 0.008801726993039504
variance: 7.747039806000022e-05
max: 2.64338
min: 2.605912
