n: 20
mean: 17.5994514
standard deviation: 0.032585516269348865
variance: 0.0010618158705399997
max: 17.701698
min: 17.548563
