n: 20
mean: 6.498191399999999
standard deviation: 0.005703082731295447
variance: 3.2525152640000335e-05
max: 6.506804
min: 6.480744
