n: 20
mean: 1.0784085
standard deviation: 0.0017001342446995422
variance: 2.890456450000083e-06
max: 1.084756
min: 1.077159
