n: 20
mean: 1.07973385
standard deviation: 0.005576489552352802
variance: 3.109723572749995e-05
max: 1.102496
min: 1.077065
