n: 20
mean: 0.0913545
standard deviation: 0.0015975249137337414
variance: 2.5520858499999977e-06
max: 0.097005
min: 0.090527
