n: 20
mean: 1.8995997
standard deviation: 0.004235362524034967
variance: 1.7938295709999846e-05
max: 1.912957
min: 1.896935
