n: 20
mean: 0.5997314499999999
standard deviation: 0.003563519867701033
variance: 1.2698673847499986e-05
max: 0.610584
min: 0.596785
