n: 20
mean: 0.055569349999999997
standard deviation: 0.0015015044214054109
variance: 2.254515527499998e-06
max: 0.061963
min: 0.055003
