n: 20
mean: 0.09126224999999998
standard deviation: 0.001641768128421306
variance: 2.695402587499998e-06
max: 0.097911
min: 0.090535
