n: 20
mean: 3.315518349999999
standard deviation: 0.007468501484735782
variance: 5.577851442750058e-05
max: 3.345984
min: 3.310559
