n: 20
mean: 0.67321065
standard deviation: 0.0021572163144895824
variance: 4.653582227500016e-06
max: 0.682053
min: 0.671707
