n: 20
mean: 0.61021505
standard deviation: 0.003666365550173628
variance: 1.344223634749997e-05
max: 0.625451
min: 0.608535
