n: 20
mean: 11.140341699999999
standard deviation: 0.0179882455650906
variance: 0.00032357697851000166
max: 11.202714
min: 11.120393
