n: 20
mean: 3.9580363
standard deviation: 0.05428173525699044
variance: 0.002946506782509999
max: 4.142778
min: 3.936904
