n: 20
mean: 0.6095675999999999
standard deviation: 0.0014254337374988834
variance: 2.031861340000036e-06
max: 0.615091
min: 0.608226
