n: 20
mean: 5.2884604500000005
standard deviation: 0.015075214361576996
variance: 0.00022726208804749732
max: 5.345539
min: 5.279359
