n: 20
mean: 0.14076305000000003
standard deviation: 0.0013060249413774606
variance: 1.7057011474999996e-06
max: 0.145596
min: 0.139776
