n: 20
mean: 0.25994745
standard deviation: 0.0013507333369322044
variance: 1.8244805475000081e-06
max: 0.265421
min: 0.259109
