n: 20
mean: 1.26372195
standard deviation: 0.0036684302020755606
variance: 1.3457380147500138e-05
max: 1.273104
min: 1.258544
