n: 20
mean: 0.26076535
standard deviation: 0.0027283528597855542
variance: 7.443909327500013e-06
max: 0.267338
min: 0.259091
