n: 20
mean: 1.6018993
standard deviation: 0.0029464122437296665
variance: 8.681345110000087e-06
max: 1.609715
min: 1.597439
