n: 20
mean: 4.8219836
standard deviation: 0.010643174185364068
variance: 0.0001132771567400001
max: 4.863493
min: 4.813725
