n: 20
mean: 4.353110249999999
standard deviation: 0.05734366455753852
variance: 0.0032882958648874994
max: 4.600002
min: 4.333477
