n: 20
mean: 1.7203779499999996
standard deviation: 0.004813010538893504
variance: 2.3165070447499934e-05
max: 1.730025
min: 1.709785
