n: 20
mean: 1.3218318500000001
standard deviation: 0.002417882653790283
variance: 5.846156527499941e-06
max: 1.328933
min: 1.318893
