n: 20
mean: 4.0870327
standard deviation: 0.08631168121471164
variance: 0.007449706314110005
max: 4.36853
min: 4.049056
