n: 20
mean: 3.9129173
standard deviation: 0.00455490744252834
variance: 2.0747181810000065e-05
max: 3.928014
min: 3.907955
