n: 20
mean: 0.23586469999999998
standard deviation: 0.0025984168660936587
variance: 6.751770209999991e-06
max: 0.244992
min: 0.233658
