n: 20
mean: 0.1333724
standard deviation: 0.001787401896608596
variance: 3.1948055400000064e-06
max: 0.138912
min: 0.13206
