n: 20
mean: 0.19766605000000004
standard deviation: 0.0026292769628740173
variance: 6.913097347500017e-06
max: 0.204164
min: 0.194987
