n: 20
mean: 1.88085395
standard deviation: 0.00801829993499245
variance: 6.429313384749993e-05
max: 1.905843
min: 1.873845
