n: 20
mean: 0.21113659999999998
standard deviation: 0.002081557359286552
variance: 4.332881040000003e-06
max: 0.21733
min: 0.209146
