n: 20
mean: 0.1804322
standard deviation: 0.0017341132488969669
variance: 3.007148759999994e-06
max: 0.185748
min: 0.178932
