n: 20
mean: 2.05377745
standard deviation: 0.005720655386186109
variance: 3.272589804750014e-05
max: 2.073777
min: 2.048287
