n: 20
mean: 1.9470343000000003
standard deviation: 0.023878726490539667
variance: 0.0005701935788100008
max: 2.050507
min: 1.937975
