n: 20
mean: 0.78093775
standard deviation: 0.0027991029433552424
variance: 7.834977287499981e-06
max: 0.791732
min: 0.77821
