n: 20
mean: 0.5869691
standard deviation: 0.0019176463412214385
variance: 3.6773674899999697e-06
max: 0.592003
min: 0.584948
