n: 20
mean: 0.21843365
standard deviation: 0.0015066503667075493
variance: 2.269995327499993e-06
max: 0.222429
min: 0.216853
