n: 20
mean: 0.29068335
standard deviation: 0.0748092294568491
variance: 0.0055964208119275004
max: 0.616164
min: 0.270111
