n: 20
mean: 0.3929602
standard deviation: 0.0014488038031424382
variance: 2.099032459999993e-06
max: 0.396607
min: 0.390364
