n: 20
mean: 0.3064938
standard deviation: 0.0023730681111169103
variance: 5.63145225999998e-06
max: 0.313019
min: 0.303736
