n: 20
mean: 0.12069049999999999
standard deviation: 0.001346164087323681
variance: 1.8121577499999992e-06
max: 0.124233
min: 0.119446
