n: 20
mean: 0.17984910000000004
standard deviation: 0.0016370967869982509
variance: 2.680085889999996e-06
max: 0.186111
min: 0.178634
