n: 20
mean: 0.27278635000000007
standard deviation: 0.0019057774601196288
variance: 3.631987727500023e-06
max: 0.278554
min: 0.270772
