n: 20
mean: 0.13387455
standard deviation: 0.0018227127989620328
variance: 3.322281947500008e-06
max: 0.139746
min: 0.131873
