n: 20
mean: 0.20091859999999997
standard deviation: 0.005073931891541314
variance: 2.574478484000002e-05
max: 0.21984
min: 0.19701
