n: 20
mean: 0.20554930000000002
standard deviation: 0.0017238208172545082
variance: 2.9715582100000007e-06
max: 0.210453
min: 0.203309
