n: 20
mean: 0.14726024999999998
standard deviation: 0.0011156665664525398
variance: 1.2447118874999995e-06
max: 0.149197
min: 0.145941
