n: 20
mean: 0.23628524999999997
standard deviation: 0.0013306046698775729
variance: 1.7705087875000046e-06
max: 0.239505
min: 0.234346
