n: 20
mean: 0.16488645000000002
standard deviation: 0.0020868983078961936
variance: 4.355144547499997e-06
max: 0.172951
min: 0.163562
