n: 20
mean: 0.21367415000000003
standard deviation: 0.0021565030784814567
variance: 4.6505055275e-06
max: 0.222605
min: 0.212492
