n: 20
mean: 0.21127629999999997
standard deviation: 0.0022828010666722577
variance: 5.2111807099999965e-06
max: 0.220605
min: 0.209892
