n: 20
mean: 0.16811695
standard deviation: 0.0017280303086172966
variance: 2.9860887474999896e-06
max: 0.171946
min: 0.16657
