n: 20
mean: 0.10094014999999998
standard deviation: 0.0018230932854629244
variance: 3.3236691274999997e-06
max: 0.105793
min: 0.098797
