n: 20
mean: 0.10174615000000001
standard deviation: 0.0024901266488875622
variance: 6.2007307275e-06
max: 0.109532
min: 0.099678
