n: 20
mean: 0.2004265
standard deviation: 0.00409584276431603
variance: 1.6775927949999984e-05
max: 0.212881
min: 0.197499
