n: 20
mean: 0.18064305000000003
standard deviation: 0.0024160189046238865
variance: 5.837147347500004e-06
max: 0.189721
min: 0.178606
