n: 20
mean: 0.2347789
standard deviation: 0.002717464901337275
variance: 7.384615490000005e-06
max: 0.24342
min: 0.233019
