n: 20
mean: 0.07830640000000001
standard deviation: 0.0021024194015467046
variance: 4.420167340000004e-06
max: 0.086634
min: 0.076916
