n: 20
mean: 0.13322384999999998
standard deviation: 0.0015857084938600793
variance: 2.514471427500001e-06
max: 0.139318
min: 0.131874
