n: 20
mean: 0.07984545000000001
standard deviation: 0.0021968337550893557
variance: 4.826078547499999e-06
max: 0.088589
min: 0.078739
