n: 20
mean: 3.0850000000000004e-05
standard deviation: 8.850282481367475e-06
variance: 7.832750000000002e-11
max: 4.5e-05
min: 2e-05
