n: 20
mean: 2.5899999999999996e-05
standard deviation: 5.458021619598075e-06
variance: 2.9789999999999995e-11
max: 3.9e-05
min: 2.1e-05
