n: 20
mean: 0.014663599999999999
standard deviation: 0.000898174170191951
variance: 8.067168399999997e-07
max: 0.016928
min: 0.013504
