n: 20
mean: 3.149999999999999e-05
standard deviation: 9.030503861911583e-06
variance: 8.155000000000002e-11
max: 5e-05
min: 2.1e-05
