n: 20
mean: 0.0133249
standard deviation: 0.000953636770473958
variance: 9.094230900000004e-07
max: 0.015304
min: 0.012393
