n: 20
mean: 3.0150000000000008e-05
standard deviation: 7.465085398037988e-06
variance: 5.572749999999999e-11
max: 4.7e-05
min: 2.3e-05
