n: 20
mean: 2.8550000000000006e-05
standard deviation: 6.240793218814417e-06
variance: 3.8947500000000016e-11
max: 4.5e-05
min: 2.1e-05
