n: 20
mean: 3.0000000000000004e-05
standard deviation: 5.7008771254956894e-06
variance: 3.25e-11
max: 4.3e-05
min: 2.2e-05
