n: 20
mean: 0.015181449999999999
standard deviation: 0.0010968019636652736
variance: 1.2029745475000002e-06
max: 0.018257
min: 0.014294
