n: 20
mean: 0.013286749999999996
standard deviation: 0.0007982801434960034
variance: 6.372511874999998e-07
max: 0.01522
min: 0.012329
