n: 20
mean: 0.19768809999999998
standard deviation: 0.001344051632192753
variance: 1.8064747900000034e-06
max: 0.203495
min: 0.1971
