n: 20
mean: 1.1136625
standard deviation: 0.005130770853390329
variance: 2.6324809549999723e-05
max: 1.131789
min: 1.108062
