n: 20
mean: 3.0659432
standard deviation: 0.0031065238225386803
variance: 9.650490260000335e-06
max: 3.072371
min: 3.060983
