n: 20
mean: 0.19842224999999997
standard deviation: 0.0017469783019545514
variance: 3.0519331875000075e-06
max: 0.203929
min: 0.19707
