n: 20
mean: 1.4846183499999999
standard deviation: 0.06522882116386512
variance: 0.004254799110427499
max: 1.768619
min: 1.465343
