n: 20
mean: 7.178572050000001
standard deviation: 0.0055327913070620394
variance: 3.061177964750127e-05
max: 7.188793
min: 7.169083
