n: 20
mean: 0.13177434999999998
standard deviation: 0.0014985944172790702
variance: 2.2457852274999964e-06
max: 0.137846
min: 0.13076
