n: 20
mean: 0.13185074999999996
standard deviation: 0.00130534462403612
variance: 1.7039245874999998e-06
max: 0.136774
min: 0.130836
