n: 20
mean: 0.1117901
standard deviation: 0.0014718843670614894
variance: 2.1664435900000013e-06
max: 0.117413
min: 0.110615
