n: 20
mean: 2.980562
standard deviation: 0.0060991520312253045
variance: 3.719965549999975e-05
max: 2.999841
min: 2.974961
