n: 20
mean: 0.11170100000000001
standard deviation: 0.0016025468479891624
variance: 2.5681563999999996e-06
max: 0.118006
min: 0.110588
