n: 20
mean: 0.79525885
standard deviation: 0.002039670617403699
variance: 4.160256227499985e-06
max: 0.801113
min: 0.79249
