n: 20
mean: 2.081022
standard deviation: 0.006036578708175704
variance: 3.644028250000025e-05
max: 2.098106
min: 2.07325
