n: 20
mean: 6.03603725
standard deviation: 0.006308148491237271
variance: 3.979273738749906e-05
max: 6.05333
min: 6.025295
