n: 20
mean: 0.3571142
standard deviation: 0.0014969754707409156
variance: 2.240935559999986e-06
max: 0.363237
min: 0.356073
