n: 20
mean: 0.35804470000000005
standard deviation: 0.004089990918082824
variance: 1.6728025709999982e-05
max: 0.37516
min: 0.356163
