n: 20
mean: 0.1018005
standard deviation: 0.00745669888422484
variance: 5.5602358249999985e-05
max: 0.117066
min: 0.097458
