n: 20
mean: 0.10931404999999998
standard deviation: 0.0012210493632527717
variance: 1.4909615474999995e-06
max: 0.113787
min: 0.108514
