n: 20
mean: 0.10090255
standard deviation: 0.006763046365913809
variance: 4.573879614749998e-05
max: 0.117214
min: 0.097404
