n: 20
mean: 3.2115439
standard deviation: 0.006438804523356805
variance: 4.1458203690000056e-05
max: 3.237777
min: 3.206825
