n: 20
mean: 0.8933121499999999
standard deviation: 0.0030409325424119466
variance: 9.247270727499986e-06
max: 0.901862
min: 0.890117
