n: 20
mean: 1.3808502500000002
standard deviation: 0.0018717530519542533
variance: 3.5034594875000617e-06
max: 1.387706
min: 1.379087
