n: 20
mean: 7.3806812
standard deviation: 0.027361234192923453
variance: 0.0007486371365600035
max: 7.493489
min: 7.360391
