n: 20
mean: 0.11098159999999999
standard deviation: 0.004327308163281189
variance: 1.8725595940000016e-05
max: 0.125899
min: 0.10842
