n: 20
mean: 7.2712345
standard deviation: 0.007252595711191944
variance: 5.260014454999977e-05
max: 7.290573
min: 7.261993
