n: 20
mean: 1.23772005
standard deviation: 0.0018349522466538633
variance: 3.3670497475000606e-06
max: 1.243022
min: 1.23635
