n: 20
mean: 1.23743275
standard deviation: 0.0016245261116707137
variance: 2.639085087499968e-06
max: 1.243102
min: 1.236132
