n: 20
mean: 23.40236095
standard deviation: 0.1075475116227589
variance: 0.011566467256247461
max: 23.719033
min: 23.306462
