n: 20
mean: 0.297021
standard deviation: 0.0020125643343754246
variance: 4.050415199999996e-06
max: 0.304047
min: 0.295669
