n: 20
mean: 0.29697435
standard deviation: 0.0016753872768706384
variance: 2.806922527500013e-06
max: 0.30303
min: 0.295596
