n: 20
mean: 0.3776077
standard deviation: 0.0045574344877353954
variance: 2.077020910999999e-05
max: 0.392667
min: 0.370427
