n: 20
mean: 0.37726574999999996
standard deviation: 0.002494298315659134
variance: 6.221524087499993e-06
max: 0.381997
min: 0.372791
