n: 20
mean: 2.6156349999999997
standard deviation: 0.014564582513755744
variance: 0.0002121270637999996
max: 2.678324
min: 2.609155
