n: 20
mean: 22.653954
standard deviation: 0.013327697149170283
variance: 0.0001776275113000017
max: 22.689243
min: 22.638835
