n: 20
mean: 4.2965147
standard deviation: 0.013745716020273344
variance: 0.00018894470890999925
max: 4.344156
min: 4.284081
