n: 20
mean: 10.0923269
standard deviation: 0.031564002971581274
variance: 0.0009962862835899916
max: 10.213064
min: 10.069134
