n: 20
mean: 17.527331649999997
standard deviation: 0.015005088271233218
variance: 0.0002251526740275007
max: 17.575256
min: 17.50267
