n: 20
mean: 1.0799382000000002
standard deviation: 0.005434928855100111
variance: 2.95384516599998e-05
max: 1.102094
min: 1.076878
