n: 20
mean: 6.450322249999999
standard deviation: 0.1812696718378104
variance: 0.03285869392818747
max: 7.134333
min: 6.374115
