n: 20
mean: 1.0786185
standard deviation: 0.0016779179807129983
variance: 2.8154087499999855e-06
max: 1.084422
min: 1.077014
