n: 20
mean: 0.0562884
standard deviation: 0.0014429714272985454
variance: 2.0821665400000016e-06
max: 0.061975
min: 0.055063
