n: 20
mean: 0.67640435
standard deviation: 0.004869667743029305
variance: 2.3713663927500124e-05
max: 0.69305
min: 0.673735
