n: 20
mean: 0.09120400000000002
standard deviation: 0.0012299169077624726
variance: 1.5126956000000022e-06
max: 0.096209
min: 0.090586
