n: 20
mean: 0.5978792499999999
standard deviation: 0.0017742022397404427
variance: 3.147793587500003e-06
max: 0.602152
min: 0.595059
