n: 20
mean: 3.3272498999999995
standard deviation: 0.012105942982271165
variance: 0.00014655385549000049
max: 3.358906
min: 3.3174
