n: 20
mean: 1.8984437000000003
standard deviation: 0.005589583429022249
variance: 3.124344291000012e-05
max: 1.916673
min: 1.893149
