n: 20
mean: 0.09128874999999999
standard deviation: 0.0015228263484389792
variance: 2.3190000874999952e-06
max: 0.097547
min: 0.090578
