n: 20
mean: 0.0558851
standard deviation: 0.0013345446751607828
variance: 1.7810094899999992e-06
max: 0.061353
min: 0.055067
