n: 20
mean: 0.60957525
standard deviation: 0.0015309990814824069
variance: 2.3439581874999734e-06
max: 0.615096
min: 0.608149
