n: 20
mean: 0.6095726499999999
standard deviation: 0.0022576864546477587
variance: 5.097148127499966e-06
max: 0.619045
min: 0.608201
