n: 20
mean: 11.110981249999998
standard deviation: 0.011152520293077143
variance: 0.00012437870888749747
max: 11.152807
min: 11.09524
