n: 20
mean: 3.8874810500000003
standard deviation: 0.0035600108353065294
variance: 1.2673677147499894e-05
max: 3.898773
min: 3.883566
