n: 20
mean: 1.5921684499999997
standard deviation: 0.003260668834380444
variance: 1.0631961247499923e-05
max: 1.602523
min: 1.587542
