n: 20
mean: 0.14090479999999997
standard deviation: 0.0016187564239254805
variance: 2.62037236000001e-06
max: 0.147686
min: 0.139671
