n: 20
mean: 5.27979165
standard deviation: 0.014592043757729878
variance: 0.0002129277410275035
max: 5.329499
min: 5.265294
