n: 20
mean: 4.832262799999999
standard deviation: 0.007097091633901958
variance: 5.0368709660001156e-05
max: 4.851003
min: 4.818498
