n: 20
mean: 0.26071799999999995
standard deviation: 0.0021802815873184834
variance: 4.7536278000000065e-06
max: 0.268394
min: 0.259136
