n: 20
mean: 0.14042140000000003
standard deviation: 0.0013149404701354346
variance: 1.7290684399999976e-06
max: 0.145927
min: 0.139631
