n: 20
mean: 0.26044695
standard deviation: 0.0013502466246949145
variance: 1.8231659475000093e-06
max: 0.264876
min: 0.259226
