n: 20
mean: 1.2648035000000002
standard deviation: 0.002183191803300843
variance: 4.766326449999988e-06
max: 1.273145
min: 1.262983
