n: 20
mean: 0.1648546
standard deviation: 0.0018154832249293873
variance: 3.295979340000008e-06
max: 0.170261
min: 0.163216
