n: 20
mean: 0.1655291
standard deviation: 0.0017906131603447977
variance: 3.2062954899999844e-06
max: 0.169536
min: 0.163339
