n: 20
mean: 0.21281555000000002
standard deviation: 0.0011749460615279286
variance: 1.3804982474999911e-06
max: 0.216531
min: 0.21159
