n: 20
mean: 0.20435464999999997
standard deviation: 0.00527705955315079
variance: 2.7847357527500016e-05
max: 0.225969
min: 0.201642
