n: 20
mean: 0.315043
standard deviation: 0.0044030305813155535
variance: 1.9386678299999983e-05
max: 0.331945
min: 0.311105
