n: 20
mean: 1.1401375
standard deviation: 0.0038113583339801785
variance: 1.4526452350000163e-05
max: 1.14914
min: 1.135713
