n: 20
mean: 0.45187485
standard deviation: 0.007374073957284401
variance: 5.437696672750003e-05
max: 0.481609
min: 0.447473
