n: 20
mean: 1.18356315
standard deviation: 0.011491010500713179
variance: 0.00013204332232750056
max: 1.232104
min: 1.176624
