n: 20
mean: 1.18083125
standard deviation: 0.0031750117302932956
variance: 1.0080699487500027e-05
max: 1.187285
min: 1.1756
