n: 20
mean: 0.13441935
standard deviation: 0.0023659926938813668
variance: 5.597921427500007e-06
max: 0.140665
min: 0.13231
