n: 20
mean: 0.19864760000000004
standard deviation: 0.0027978619587106174
variance: 7.828031540000013e-06
max: 0.204774
min: 0.195287
