n: 20
mean: 0.21035974999999998
standard deviation: 0.0022408579355907418
variance: 5.0214442875e-06
max: 0.217171
min: 0.208198
