n: 20
mean: 0.3146035
standard deviation: 0.0030257360674718426
variance: 9.15507874999997e-06
max: 0.322972
min: 0.310633
