n: 20
mean: 0.21102444999999997
standard deviation: 0.0023909773623980624
variance: 5.7167727474999955e-06
max: 0.217797
min: 0.208943
