n: 20
mean: 0.1814692
standard deviation: 0.0021643443025544727
variance: 4.684386260000008e-06
max: 0.186915
min: 0.179279
