n: 20
mean: 0.2407259
standard deviation: 0.016992320338611793
variance: 0.00028873895049
max: 0.312247
min: 0.233657
