n: 20
mean: 1.02334075
standard deviation: 0.0034898965582807646
variance: 1.2179377987499925e-05
max: 1.031605
min: 1.019179
