n: 20
mean: 1.02238465
standard deviation: 0.010525084927329557
variance: 0.00011077741272749983
max: 1.067046
min: 1.017235
