n: 20
mean: 0.21215865000000003
standard deviation: 0.0028329306958519095
variance: 8.025496327499985e-06
max: 0.22146
min: 0.210184
