n: 20
mean: 0.21356815
standard deviation: 0.002771419875713529
variance: 7.680768127499992e-06
max: 0.222577
min: 0.21153
