n: 20
mean: 0.16517965
standard deviation: 0.0016669996783143079
variance: 2.778887927500006e-06
max: 0.169667
min: 0.163694
