n: 20
mean: 0.16488224999999998
standard deviation: 0.0018387261589208996
variance: 3.380913887500005e-06
max: 0.169142
min: 0.163233
