n: 20
mean: 0.015250250000000002
standard deviation: 0.0008388311436159249
variance: 7.036376875000004e-07
max: 0.017508
min: 0.014466
