n: 20
mean: 0.01280575
standard deviation: 0.0008883413125032516
variance: 7.891502874999997e-07
max: 0.015323
min: 0.012134
