n: 20
mean: 0.013360750000000001
standard deviation: 0.0007970440310923857
variance: 6.352791875e-07
max: 0.014756
min: 0.012249
