n: 20
mean: 0.07846135000000001
standard deviation: 0.001333203333141647
variance: 1.777431127499997e-06
max: 0.082299
min: 0.077169
