n: 20
mean: 0.09989424999999999
standard deviation: 0.0015050567389636857
variance: 2.2651957875000035e-06
max: 0.104232
min: 0.098275
