n: 20
mean: 0.10197235
standard deviation: 0.0066718692678663875
variance: 4.451383952749996e-05
max: 0.130315
min: 0.099259
