n: 20
mean: 0.0787654
standard deviation: 0.0015431409656930237
variance: 2.3812840399999976e-06
max: 0.084768
min: 0.07737
