n: 20
mean: 0.01445495
standard deviation: 0.0007577660902283765
variance: 5.742094475000001e-07
max: 0.016333
min: 0.013585
