n: 20
mean: 0.05830385000000001
standard deviation: 0.0020316911496337225
variance: 4.127768927499996e-06
max: 0.065339
min: 0.056917
