n: 20
mean: 0.11725215
standard deviation: 0.0009570464082268943
variance: 9.159378274999991e-07
max: 0.119307
min: 0.116225
