n: 20
mean: 0.05863384999999999
standard deviation: 0.0015044364817100133
variance: 2.263329127500003e-06
max: 0.06417
min: 0.057235
