n: 20
mean: 0.11788004999999999
standard deviation: 0.0024780475071111943
variance: 6.140719447500005e-06
max: 0.126031
min: 0.116207
