n: 20
mean: 0.012938350000000001
standard deviation: 0.0009276734487415277
variance: 8.605780274999998e-07
max: 0.015953
min: 0.01233
