n: 20
mean: 0.015345000000000003
standard deviation: 0.0010367942901077342
variance: 1.0749424000000006e-06
max: 0.017271
min: 0.014244
