n: 20
mean: 0.013647699999999999
standard deviation: 0.000971902109268212
variance: 9.445937099999994e-07
max: 0.016221
min: 0.01263
