n: 20
mean: 0.04242205
standard deviation: 0.0010572477228634727
variance: 1.1177727474999983e-06
max: 0.046644
min: 0.041799
