n: 20
mean: 0.0634139
standard deviation: 0.0019547270116310367
variance: 3.820957690000003e-06
max: 0.070608
min: 0.062202
