n: 20
mean: 0.014624199999999999
standard deviation: 0.0010803751940876836
variance: 1.1672105599999998e-06
max: 0.017049
min: 0.013679
