n: 20
mean: 0.0423356
standard deviation: 0.004574701754213055
variance: 2.0927896140000003e-05
max: 0.061418
min: 0.040101
