n: 20
mean: 0.06326965
standard deviation: 0.0016167066300043437
variance: 2.6137403275000018e-06
max: 0.068745
min: 0.06219
