n: 20
mean: 2.9749999999999998e-05
standard deviation: 5.769532043415652e-06
variance: 3.328749999999999e-11
max: 4.7e-05
min: 2.3e-05
