n: 20
mean: 8.200000000000001e-06
standard deviation: 3.3999999999999996e-06
variance: 1.1559999999999998e-11
max: 2.2e-05
min: 6e-06
