n: 20
mean: 3.395e-05
standard deviation: 1.3948028534527738e-05
variance: 1.945475e-10
max: 8.1e-05
min: 1.9e-05
