n: 20
mean: 4.4850000000000006e-05
standard deviation: 4.6383483051620865e-05
variance: 2.1514275e-09
max: 0.000243
min: 2.6e-05
