n: 20
mean: 4.034999999999999e-05
standard deviation: 4.684044726515749e-05
variance: 2.1940274999999997e-09
max: 0.000243
min: 2.4e-05
