n: 20
mean: 1.7400000000000003e-05
standard deviation: 3.3226495451672304e-06
variance: 1.1040000000000001e-11
max: 2.5e-05
min: 1.4e-05
