n: 5
mean: 0.3944862
standard deviation: 0.00284536165715363
variance: 8.09608296000005e-06
max: 0.398762
min: 0.391337
