n: 20
mean: 0.23184695
standard deviation: 0.002581717460819444
variance: 6.665265047499998e-06
max: 0.238546
min: 0.229601
