n: 20
mean: 0.19959520000000003
standard deviation: 0.002029460238585618
variance: 4.118708859999994e-06
max: 0.206227
min: 0.197247
