n: 20
mean: 0.29144315000000004
standard deviation: 0.002701739759395787
variance: 7.299397727500004e-06
max: 0.300167
min: 0.288059
