n: 20
mean: 0.2562854
standard deviation: 0.008740685370152617
variance: 7.639958073999999e-05
max: 0.293151
min: 0.25144
