n: 20
mean: 0.2876616
standard deviation: 0.0027462297682459094
variance: 7.541777939999981e-06
max: 0.295299
min: 0.285163
