n: 20
mean: 0.13757925000000001
standard deviation: 0.0022698289775883993
variance: 5.152123587499998e-06
max: 0.14523
min: 0.134804
