n: 20
mean: 0.20216290000000003
standard deviation: 0.002882570136180557
variance: 8.309210589999994e-06
max: 0.213635
min: 0.199826
