n: 20
mean: 0.21963330000000006
standard deviation: 0.0021696972622925995
variance: 4.707586210000001e-06
max: 0.224663
min: 0.217941
