n: 20
mean: 0.16303395
standard deviation: 0.0022310981931551108
variance: 4.9777991475e-06
max: 0.17023
min: 0.160718
