n: 20
mean: 0.10910515000000001
standard deviation: 0.0012051400032776281
variance: 1.4523624275000013e-06
max: 0.111213
min: 0.107683
