n: 20
mean: 0.13711515000000002
standard deviation: 0.0017279044323978117
variance: 2.985653727500004e-06
max: 0.141779
min: 0.135673
