n: 20
mean: 0.21127500000000002
standard deviation: 0.002337148818539375
variance: 5.462264599999996e-06
max: 0.217604
min: 0.209372
