n: 20
mean: 0.26011615
standard deviation: 0.0043267936428145045
variance: 1.872114322750001e-05
max: 0.273753
min: 0.256908
