n: 20
mean: 0.2055573
standard deviation: 0.0026964159934995163
variance: 7.270659209999983e-06
max: 0.211891
min: 0.202828
