n: 20
mean: 0.21267595
standard deviation: 0.004306094732759604
variance: 1.8542451847500005e-05
max: 0.230739
min: 0.210553
