n: 20
mean: 0.27088095
standard deviation: 0.0020875995419380594
variance: 4.358071847499995e-06
max: 0.275451
min: 0.268322
