n: 20
mean: 0.3056624
standard deviation: 0.0026880392184639047
variance: 7.2255548400000385e-06
max: 0.311695
min: 0.303273
