n: 20
mean: 0.21639055000000001
standard deviation: 0.0018020235701843644
variance: 3.2472889475000028e-06
max: 0.221775
min: 0.214856
