n: 20
mean: 0.39477165000000003
standard deviation: 0.003928863477839363
variance: 1.5435968227500014e-05
max: 0.40422
min: 0.390746
