n: 20
mean: 0.38804114999999995
standard deviation: 0.0020435166570155496
variance: 4.175960327500008e-06
max: 0.392118
min: 0.385791
