n: 20
mean: 0.27289045
standard deviation: 0.001845246392084261
variance: 3.404934247499982e-06
max: 0.277329
min: 0.271125
