n: 20
mean: 0.20538725000000002
standard deviation: 0.0028107409499098283
variance: 7.900264687500003e-06
max: 0.215253
min: 0.203204
