n: 20
mean: 0.23659404999999997
standard deviation: 0.0017615521415785557
variance: 3.1030659474999957e-06
max: 0.240599
min: 0.234492
