n: 20
mean: 0.12010895000000002
standard deviation: 0.0015264643944422663
variance: 2.3300935474999946e-06
max: 0.124612
min: 0.118618
