n: 20
mean: 0.1467603
standard deviation: 0.0034505785181618495
variance: 1.1906492110000025e-05
max: 0.159233
min: 0.144708
