n: 20
mean: 0.18136475000000002
standard deviation: 0.0027536724183351963
variance: 7.582711787500008e-06
max: 0.189085
min: 0.178662
