n: 20
mean: 0.1340862
standard deviation: 0.0023115338327612694
variance: 5.343188660000004e-06
max: 0.140428
min: 0.131822
