n: 20
mean: 0.1989844
standard deviation: 0.0016719224383924057
variance: 2.7953246400000074e-06
max: 0.20433
min: 0.197329
