n: 20
mean: 0.2663603
standard deviation: 0.003083285700352792
variance: 9.506650710000008e-06
max: 0.276883
min: 0.264019
