n: 20
mean: 0.2117341
standard deviation: 0.002457703539892474
variance: 6.0403066899999965e-06
max: 0.217655
min: 0.209406
