n: 20
mean: 0.40264875
standard deviation: 0.0019020119051940717
variance: 3.617649287499983e-06
max: 0.406195
min: 0.399993
