n: 20
mean: 0.3111117
standard deviation: 0.003629219862449786
variance: 1.3171236810000044e-05
max: 0.325066
min: 0.308668
