n: 20
mean: 0.27367425000000006
standard deviation: 0.0015704211178852643
variance: 2.4662224875000033e-06
max: 0.277255
min: 0.271535
