n: 20
mean: 0.3985928000000001
standard deviation: 0.0030201309839144345
variance: 9.12119115999997e-06
max: 0.407211
min: 0.395386
