n: 20
mean: 0.2089916
standard deviation: 0.0015050407104128466
variance: 2.265147540000006e-06
max: 0.212515
min: 0.207294
