n: 20
mean: 0.1603366
standard deviation: 0.001997195969353033
variance: 3.988791740000002e-06
max: 0.166381
min: 0.156827
