n: 20
mean: 0.15064380000000002
standard deviation: 0.0021401489807954966
variance: 4.580237660000002e-06
max: 0.15616
min: 0.148172
