n: 20
mean: 0.22371045
standard deviation: 0.001975927414532221
variance: 3.904289147499989e-06
max: 0.22868
min: 0.220226
