n: 20
mean: 0.25839
standard deviation: 0.0030704567738367573
variance: 9.427704800000027e-06
max: 0.266346
min: 0.253566
