n: 20
mean: 0.2171184
standard deviation: 0.002680871787310984
variance: 7.187073539999988e-06
max: 0.225875
min: 0.214449
