n: 20
mean: 0.12690289999999999
standard deviation: 0.0014713214774480785
variance: 2.1647868899999967e-06
max: 0.131214
min: 0.125618
