n: 20
mean: 0.2061905
standard deviation: 0.0024922652045879863
variance: 6.211385849999998e-06
max: 0.213059
min: 0.202001
