n: 20
mean: 0.23230355
standard deviation: 0.0027273679706816207
variance: 7.438536047499982e-06
max: 0.238198
min: 0.227336
