n: 20
mean: 0.28607284999999993
standard deviation: 0.0031191194634864485
variance: 9.72890622749999e-06
max: 0.294768
min: 0.283192
