n: 20
mean: 0.29368935
standard deviation: 0.0018193035556223161
variance: 3.309865427500002e-06
max: 0.298479
min: 0.291458
