n: 20
mean: 3.0816755999999996
standard deviation: 0.004957920324087475
variance: 2.458097393999965e-05
max: 3.09719
min: 3.075483
