n: 20
mean: 0.19880930000000002
standard deviation: 0.002177043570992549
variance: 4.739518709999989e-06
max: 0.205559
min: 0.197086
