n: 20
mean: 0.19855179999999997
standard deviation: 0.002092374431118866
variance: 4.378030759999998e-06
max: 0.204936
min: 0.197087
