n: 20
mean: 1.1149968
standard deviation: 0.019118771633135863
variance: 0.0003655274287600006
max: 1.179186
min: 1.106216
