n: 20
mean: 7.164775200000003
standard deviation: 0.009870948463040376
variance: 9.743562355999917e-05
max: 7.191854
min: 7.155755
