n: 20
mean: 0.1318728
standard deviation: 0.0016567946644047335
variance: 2.7449685599999935e-06
max: 0.138617
min: 0.130739
