n: 20
mean: 0.79288135
standard deviation: 0.0033688636107001933
variance: 1.1349242027499944e-05
max: 0.80097
min: 0.789287
