n: 20
mean: 0.1320409
standard deviation: 0.0015489488016070792
variance: 2.399242390000007e-06
max: 0.137884
min: 0.13058
