n: 20
mean: 0.11154070000000002
standard deviation: 0.001947581964899039
variance: 3.7930755100000013e-06
max: 0.119799
min: 0.110628
