n: 20
mean: 1.4819408499999998
standard deviation: 0.0032257520406100836
variance: 1.0405476227500119e-05
max: 1.487691
min: 1.477009
