n: 20
mean: 0.11127275
standard deviation: 0.0013352836355995674
variance: 1.7829823874999983e-06
max: 0.116882
min: 0.110608
