n: 20
mean: 2.98648165
standard deviation: 0.006234149952279006
variance: 3.886462562750034e-05
max: 3.012086
min: 2.982402
