n: 20
mean: 0.38942445000000003
standard deviation: 0.0034840096508907655
variance: 1.2138323247499993e-05
max: 0.396812
min: 0.386115
