n: 20
mean: 0.3943027
standard deviation: 0.002919109009612352
variance: 8.521197410000007e-06
max: 0.402316
min: 0.390986
