n: 20
mean: 0.3063158999999999
standard deviation: 0.0029334816668934558
variance: 8.605314690000009e-06
max: 0.316688
min: 0.303212
