n: 20
mean: 0.27169655000000004
standard deviation: 0.0015197940806240822
variance: 2.309774047499999e-06
max: 0.275785
min: 0.269827
