n: 20
mean: 0.2184911
standard deviation: 0.0017035485875078517
variance: 2.9020777899999964e-06
max: 0.222683
min: 0.216622
