n: 20
mean: 0.1215953
standard deviation: 0.0015220687599448342
variance: 2.316693310000005e-06
max: 0.125223
min: 0.119332
