n: 20
mean: 0.13326395000000002
standard deviation: 0.0014120060012266227
variance: 1.993760947499997e-06
max: 0.137166
min: 0.131838
