n: 20
mean: 0.2663586000000001
standard deviation: 0.0020898794797786797
variance: 4.367596240000005e-06
max: 0.272248
min: 0.264085
