n: 20
mean: 0.27318814999999996
standard deviation: 0.0028951460114301636
variance: 8.381870427499985e-06
max: 0.281139
min: 0.270558
