n: 20
mean: 0.2052889
standard deviation: 0.0017699092038858935
variance: 3.1325785899999974e-06
max: 0.209973
min: 0.203397
