n: 20
mean: 0.21278419999999998
standard deviation: 0.0034750021812942774
variance: 1.2075640159999986e-05
max: 0.223567
min: 0.20953
