n: 20
mean: 0.23699709999999996
standard deviation: 0.0018459609936290647
variance: 3.4075719900000034e-06
max: 0.242455
min: 0.234722
