n: 20
mean: 0.18053924999999998
standard deviation: 0.0014074106321539572
variance: 1.9808046875000013e-06
max: 0.183237
min: 0.178855
