n: 20
mean: 0.14760294999999998
standard deviation: 0.0014387055457945536
variance: 2.0698736475000045e-06
max: 0.151362
min: 0.14608
