n: 20
mean: 0.20286110000000002
standard deviation: 0.007825957078210948
variance: 6.124560419000003e-05
max: 0.225109
min: 0.196647
