n: 20
mean: 1.8100412
standard deviation: 0.012931260555723094
variance: 0.00016721749955999994
max: 1.849069
min: 1.79678
