n: 20
mean: 0.0007732500000000001
standard deviation: 0.00021158872252556373
variance: 4.47697875e-08
max: 0.001681
min: 0.000656
