n: 20
mean: 0.38805575000000003
standard deviation: 0.002167062594273639
variance: 4.696160287499994e-06
max: 0.395748
min: 0.386174
