n: 20
mean: 0.0029648499999999998
standard deviation: 0.0003831229926537951
variance: 1.4678322749999995e-07
max: 0.004611
min: 0.002835
