n: 20
mean: 0.0128107
standard deviation: 0.0007469457209195325
variance: 5.579279100000001e-07
max: 0.014803
min: 0.012266
