n: 20
mean: 1.2414295
standard deviation: 0.00766653425284204
variance: 5.877574745000025e-05
max: 1.273403
min: 1.236273
