n: 20
mean: 0.21044705000000002
standard deviation: 0.0012400112691020161
variance: 1.5376279474999925e-06
max: 0.21452
min: 0.209254
