n: 20
mean: 0.26555914999999997
standard deviation: 0.0015237821128691628
variance: 2.32191192750001e-06
max: 0.271357
min: 0.264136
