n: 20
mean: 0.032870500000000004
standard deviation: 0.0011412960834069302
variance: 1.3025567499999988e-06
max: 0.036925
min: 0.032129
