n: 20
mean: 0.0008113
standard deviation: 0.00021152685408713478
variance: 4.474361000000001e-08
max: 0.001624
min: 0.000647
