n: 20
mean: 1.2115955500000002
standard deviation: 0.0031471411705705195
variance: 9.904497547499981e-06
max: 1.22018
min: 1.208438
