n: 20
mean: 0.0036026
standard deviation: 0.0005221572943089083
variance: 2.726482399999999e-07
max: 0.004725
min: 0.003163
