n: 20
mean: 0.1730582
standard deviation: 0.0012966872252012046
variance: 1.6813977599999996e-06
max: 0.177005
min: 0.171802
