n: 20
mean: 0.17266515
standard deviation: 0.0019531865316707443
variance: 3.814937627499992e-06
max: 0.178314
min: 0.170998
