n: 20
mean: 0.20588820000000002
standard deviation: 0.0017012272511337234
variance: 2.8941741600000047e-06
max: 0.209353
min: 0.203485
