n: 20
mean: 0.21132404999999999
standard deviation: 0.0007375838579443023
variance: 5.440299475000007e-07
max: 0.212677
min: 0.210365
