n: 20
mean: 0.2028005
standard deviation: 0.0010918141554312265
variance: 1.1920581500000021e-06
max: 0.206195
min: 0.201344
