n: 20
mean: 0.1659481
standard deviation: 0.0018264312442575028
variance: 3.3358510900000097e-06
max: 0.169806
min: 0.16415
