n: 20
mean: 0.21454920000000005
standard deviation: 0.00419829853154823
variance: 1.7625710560000028e-05
max: 0.231946
min: 0.211496
