n: 20
mean: 0.16580295
standard deviation: 0.001030788265115584
variance: 1.0625244474999956e-06
max: 0.167969
min: 0.164416
