n: 20
mean: 0.30577455000000003
standard deviation: 0.0023728639125537715
variance: 5.630483147499993e-06
max: 0.31312
min: 0.303835
