n: 20
mean: 0.20214569999999998
standard deviation: 0.011407050123059863
variance: 0.00013012079251000002
max: 0.226579
min: 0.19042
