n: 20
mean: 0.1893118
standard deviation: 0.009484380536439898
variance: 8.995347415999998e-05
max: 0.225049
min: 0.182063
