n: 20
mean: 0.8982018
standard deviation: 0.021908395962735385
variance: 0.00047997781366000014
max: 0.942541
min: 0.853081
