n: 20
mean: 0.20044835
standard deviation: 0.00903195404259233
variance: 8.157619382749996e-05
max: 0.232391
min: 0.192455
