n: 20
mean: 0.3926053
standard deviation: 0.0018457796753675664
variance: 3.4069026099999986e-06
max: 0.398986
min: 0.390932
