n: 20
mean: 0.19213085000000002
standard deviation: 0.003012225029359523
variance: 9.073499627499979e-06
max: 0.198703
min: 0.186691
