n: 20
mean: 0.19958079999999997
standard deviation: 0.008838870994646317
variance: 7.812564045999996e-05
max: 0.225484
min: 0.190628
