n: 20
mean: 0.9328884499999999
standard deviation: 0.018387857040653217
variance: 0.00033811328654750005
max: 0.964837
min: 0.89203
