n: 20
mean: 0.2885419
standard deviation: 0.0020040989471580483
variance: 4.016412589999999e-06
max: 0.295608
min: 0.286854
