n: 20
mean: 0.21578545
standard deviation: 0.0018560684651973364
variance: 3.4449901474999955e-06
max: 0.222111
min: 0.214582
