n: 20
mean: 0.23593975000000006
standard deviation: 0.0014964472217555832
variance: 2.2393542875000035e-06
max: 0.240656
min: 0.234347
