n: 20
mean: 0.27214764999999996
standard deviation: 0.0015505984417314438
variance: 2.404355527499982e-06
max: 0.276873
min: 0.270328
