n: 20
mean: 0.20303144999999997
standard deviation: 0.001942928523518041
variance: 3.7749712474999945e-06
max: 0.210309
min: 0.201751
