n: 20
mean: 0.14986015000000003
standard deviation: 0.0041655720648549575
variance: 1.7351990627499993e-05
max: 0.156232
min: 0.143983
