n: 20
mean: 0.1315442
standard deviation: 0.001737272764996908
variance: 3.018116660000002e-06
max: 0.138245
min: 0.130343
