n: 20
mean: 0.17875435
standard deviation: 0.0017969968913440007
variance: 3.229197827500002e-06
max: 0.185802
min: 0.177547
