n: 20
mean: 1.3237514
standard deviation: 0.02633650078579157
variance: 0.00069361127364
max: 1.401219
min: 1.285996
