n: 20
mean: 1.2623708000000002
standard deviation: 0.035595989005223615
variance: 0.0012670744332600006
max: 1.320672
min: 1.201864
