n: 20
mean: 0.2087694
standard deviation: 0.00667665596986995
variance: 4.457773494000004e-05
max: 0.233554
min: 0.205775
