n: 20
mean: 1.26768495
standard deviation: 0.03708335939134291
variance: 0.0013751755437475005
max: 1.364848
min: 1.223309
