n: 20
mean: 0.15994055
standard deviation: 0.011586001210404736
variance: 0.00013423542404749999
max: 0.204755
min: 0.152127
