n: 20
mean: 0.15868665
standard deviation: 0.0020733746953939605
variance: 4.298882627499999e-06
max: 0.164881
min: 0.156815
