n: 20
mean: 0.11629179999999999
standard deviation: 0.006739232260428481
variance: 4.541725145999998e-05
max: 0.135255
min: 0.109067
