n: 20
mean: 0.1153608
standard deviation: 0.005923887672804069
variance: 3.509244516e-05
max: 0.135377
min: 0.110106
