n: 20
mean: 0.12165325
standard deviation: 0.0045808157884267755
variance: 2.098387328750002e-05
max: 0.130536
min: 0.114685
