n: 20
mean: 0.6883724999999999
standard deviation: 0.016528304748219046
variance: 0.00027318485785000023
max: 0.719435
min: 0.663895
