n: 20
mean: 0.11913409999999999
standard deviation: 0.0013520526210173914
variance: 1.828046289999998e-06
max: 0.123897
min: 0.118008
