n: 20
mean: 0.1503788
standard deviation: 0.002948433373844492
variance: 8.693259360000015e-06
max: 0.157399
min: 0.145502
