n: 20
mean: 0.6988779
standard deviation: 0.019616234472752406
variance: 0.00038479665488999994
max: 0.770671
min: 0.675099
