n: 20
mean: 1.6109604000000002
standard deviation: 0.07421898368975421
variance: 0.005508457539940001
max: 1.794622
min: 1.530408
