n: 20
mean: 1.8137548000000003
standard deviation: 0.09016302231547034
variance: 0.008129370593060002
max: 2.145731
min: 1.728715
