n: 20
mean: 0.33571505
standard deviation: 0.006188352070422299
variance: 3.829570134749996e-05
max: 0.350597
min: 0.32815
