n: 20
mean: 0.6605295
standard deviation: 0.003549557556935791
variance: 1.2599358849999982e-05
max: 0.671937
min: 0.657819
