n: 20
mean: 0.3778018500000001
standard deviation: 0.003721050325848877
variance: 1.3846215527500035e-05
max: 0.392703
min: 0.375108
