n: 20
mean: 0.35742630000000003
standard deviation: 0.015242737234827605
variance: 0.0002323410384099999
max: 0.401211
min: 0.339119
