n: 20
mean: 6.5663412999999995
standard deviation: 0.042383445471197885
variance: 0.0017963564500100046
max: 6.698584
min: 6.515425
