n: 20
mean: 0.33507665000000003
standard deviation: 0.005628174235709125
variance: 3.167634522749999e-05
max: 0.344485
min: 0.324876
