n: 20
mean: 0.52536005
standard deviation: 0.002126993828740446
variance: 4.52410274749994e-06
max: 0.531539
min: 0.523552
