n: 20
mean: 0.48687369999999996
standard deviation: 0.0015989434980636379
variance: 2.5566203099999826e-06
max: 0.492453
min: 0.484632
