n: 20
mean: 1.6657946000000003
standard deviation: 0.03931349688771021
variance: 0.0015455510375400002
max: 1.746544
min: 1.617483
