n: 20
mean: 0.2909964
standard deviation: 0.0013898290686267906
variance: 1.931624840000012e-06
max: 0.296285
min: 0.289669
