n: 20
mean: 0.1347386
standard deviation: 0.006754396778395537
variance: 4.562187584000001e-05
max: 0.153779
min: 0.122359
