n: 20
mean: 3.1197822
standard deviation: 0.024378383862758413
variance: 0.0005943055997599997
max: 3.193058
min: 3.091456
