n: 20
mean: 0.8356547999999998
standard deviation: 0.01922002949685563
variance: 0.0003694095338600004
max: 0.881962
min: 0.804889
