n: 20
mean: 1.2894457000000001
standard deviation: 0.07678291313834089
variance: 0.005895615750010002
max: 1.399013
min: 1.167125
