n: 20
mean: 0.18284105000000003
standard deviation: 0.0101314690271204
variance: 0.00010264666464749998
max: 0.226462
min: 0.178991
