n: 20
mean: 0.89037735
standard deviation: 0.040262834498175845
variance: 0.0016210958418274991
max: 0.957799
min: 0.814115
