n: 20
mean: 0.11905589999999999
standard deviation: 0.005099327091881833
variance: 2.6003136790000027e-05
max: 0.129946
min: 0.112162
