n: 20
mean: 0.21092645000000002
standard deviation: 0.0015277933589003436
variance: 2.334152547499994e-06
max: 0.216742
min: 0.209557
