n: 20
mean: 0.15590885000000004
standard deviation: 0.0018834834821415357
variance: 3.547510027500005e-06
max: 0.162643
min: 0.154501
