n: 20
mean: 0.13082784999999994
standard deviation: 0.006858255873580394
variance: 4.703567362749998e-05
max: 0.142856
min: 0.118859
