n: 20
mean: 0.11496514999999999
standard deviation: 0.003231915427033944
variance: 1.04452773275e-05
max: 0.120977
min: 0.111257
