n: 20
mean: 0.10108249999999999
standard deviation: 0.001410060300129042
variance: 1.988270050000004e-06
max: 0.106551
min: 0.100054
