n: 20
mean: 0.21828155
standard deviation: 0.0013971588125549646
variance: 1.9520527474999986e-06
max: 0.223492
min: 0.216753
