n: 20
mean: 0.1657672
standard deviation: 0.0012769972826909236
variance: 1.6307220600000024e-06
max: 0.169754
min: 0.163819
