n: 20
mean: 1.4184108500000001
standard deviation: 0.0638790930135009
variance: 0.0040805385242275
max: 1.586989
min: 1.290669
