n: 20
mean: 0.12080914999999999
standard deviation: 0.0016617602497051127
variance: 2.7614471274999988e-06
max: 0.125745
min: 0.11924
