n: 20
mean: 5.8103701999999995
standard deviation: 0.21993849896064127
variance: 0.04837294332506
max: 6.360289
min: 5.565017
