n: 20
mean: 1.7127545999999998
standard deviation: 0.01595676508381319
variance: 0.0002546183519399998
max: 1.779763
min: 1.704747
