n: 20
mean: 1.86974895
standard deviation: 0.002347985934263652
variance: 5.5130379474999545e-06
max: 1.876871
min: 1.867702
