n: 20
mean: 5.9444672
standard deviation: 0.26794925781602746
variance: 0.07179680476415995
max: 7.040969
min: 5.800113
