n: 20
mean: 1.3116994
standard deviation: 0.00298141874616768
variance: 8.888857740000061e-06
max: 1.319884
min: 1.308747
