n: 20
mean: 6.0320143
standard deviation: 0.2285144921835593
variance: 0.05221887313790998
max: 6.578272
min: 5.779673
