n: 20
mean: 1.20071495
standard deviation: 0.043771685875089394
variance: 0.0019159604843475004
max: 1.281958
min: 1.123557
