n: 20
mean: 1.1982087
standard deviation: 0.04507435978591377
variance: 0.0020316979101100007
max: 1.278524
min: 1.121532
