n: 20
mean: 2.4252800999999997
standard deviation: 0.005592393753125779
variance: 3.1274867890000236e-05
max: 2.446816
min: 2.42005
