n: 20
mean: 3.6914092499999995
standard deviation: 0.11233011006443236
variance: 0.012618053627087488
max: 3.964718
min: 3.597265
