n: 20
mean: 0.43718845
standard deviation: 0.008515753768604398
variance: 7.25180622475e-05
max: 0.452747
min: 0.424156
