n: 20
mean: 0.6063540000000001
standard deviation: 0.002467325839851708
variance: 6.087696799999935e-06
max: 0.616053
min: 0.60388
