n: 20
mean: 20.364786100000003
standard deviation: 0.060545267501184614
variance: 0.003665729416790002
max: 20.449856
min: 20.171184
