n: 20
mean: 0.4792332
standard deviation: 0.002434004223496744
variance: 5.924376559999987e-06
max: 0.487135
min: 0.476677
