n: 20
mean: 3.6789330999999996
standard deviation: 0.11977326642114262
variance: 0.014345635349190011
max: 3.907576
min: 3.576171
