n: 20
mean: 0.35558594999999993
standard deviation: 0.018809538318297448
variance: 0.00035379873174749994
max: 0.407726
min: 0.334885
