n: 20
mean: 0.33517325
standard deviation: 0.004276182150879446
variance: 1.8285733787499965e-05
max: 0.341972
min: 0.328432
