n: 20
mean: 2.4749453499999996
standard deviation: 0.13674860449499113
variance: 0.018700180831327507
max: 2.762138
min: 2.315033
