n: 20
mean: 0.3266583
standard deviation: 0.0012020097794943297
variance: 1.4448275100000074e-06
max: 0.33134
min: 0.325149
