n: 20
mean: 0.3064214
standard deviation: 0.004798923935633904
variance: 2.302967094e-05
max: 0.322973
min: 0.302358
