n: 20
mean: 0.38003745
standard deviation: 0.0029847378188879556
variance: 8.90865984750003e-06
max: 0.386577
min: 0.374521
