n: 20
mean: 0.6136788
standard deviation: 0.0037239048940594702
variance: 1.3867467660000075e-05
max: 0.627271
min: 0.609022
