n: 20
mean: 21.400443499999998
standard deviation: 0.18676955416140528
variance: 0.0348828663616501
max: 21.768339
min: 21.160616
