n: 20
mean: 0.41194125000000004
standard deviation: 0.0031757181687769543
variance: 1.0085185887500053e-05
max: 0.422318
min: 0.407926
