n: 20
mean: 0.5131364
standard deviation: 0.019167476874643683
variance: 0.00036739216974000034
max: 0.596535
min: 0.506375
