n: 20
mean: 0.7208845
standard deviation: 0.002319651493220473
variance: 5.38078304999997e-06
max: 0.728501
min: 0.71763
