n: 20
mean: 0.43646804999999994
standard deviation: 0.00869654754184096
variance: 7.562993914750005e-05
max: 0.460253
min: 0.425229
