n: 20
mean: 2.4503177499999995
standard deviation: 0.16073274114811673
variance: 0.0258350140769875
max: 2.818203
min: 2.243893
