n: 20
mean: 3.6449428
standard deviation: 0.01562451994974562
variance: 0.0002441256236599989
max: 3.684404
min: 3.631236
