n: 20
mean: 0.84107185
standard deviation: 0.0012431452559938509
variance: 1.5454101275000172e-06
max: 0.843825
min: 0.839869
