n: 20
mean: 4.9140345000000005
standard deviation: 0.1419037357237293
variance: 0.020136670212350008
max: 5.211896
min: 4.78191
