n: 20
mean: 1.0926442499999998
standard deviation: 0.04019133067699426
variance: 0.0016153430615874996
max: 1.189008
min: 1.027565
