n: 20
mean: 1.1415286500000001
standard deviation: 0.002312423539817044
variance: 5.347302627499988e-06
max: 1.149054
min: 1.138051
