n: 20
mean: 0.9894035000000001
standard deviation: 0.007699591654756749
variance: 5.9283711649999775e-05
max: 1.01721
min: 0.9826
