n: 20
mean: 1.487075
standard deviation: 0.00410857582381046
variance: 1.68803952999998e-05
max: 1.498953
min: 1.483952
