n: 20
mean: 1.16003615
standard deviation: 0.045200823254975105
variance: 0.002043114422927498
max: 1.239628
min: 1.090892
