n: 20
mean: 1.043555
standard deviation: 0.036581059267057875
variance: 0.0013381738971000006
max: 1.11715
min: 0.983806
