n: 20
mean: 5.2787636000000004
standard deviation: 0.32267471997824687
variance: 0.10411897491304004
max: 6.029001
min: 5.027462
