n: 20
mean: 1.58825205
standard deviation: 0.006966980346427012
variance: 4.8538815147500255e-05
max: 1.617547
min: 1.583912
