n: 20
mean: 2.04659525
standard deviation: 0.003367818817498963
variance: 1.1342203587500112e-05
max: 2.054691
min: 2.04335
