n: 20
mean: 0.09587834999999999
standard deviation: 0.001516175427679793
variance: 2.2987879275000034e-06
max: 0.10154
min: 0.094886
