n: 20
mean: 0.52370255
standard deviation: 0.0077099363063192795
variance: 5.944311784750017e-05
max: 0.537239
min: 0.511319
