n: 20
mean: 0.10106875
standard deviation: 0.009966672267487278
variance: 9.933455608749999e-05
max: 0.138491
min: 0.091257
