n: 20
mean: 0.0764849
standard deviation: 0.004922689690606143
variance: 2.423287379e-05
max: 0.090252
min: 0.06985
