n: 20
mean: 0.0823469
standard deviation: 0.0015663622473744703
variance: 2.453490690000001e-06
max: 0.088594
min: 0.081277
