n: 20
mean: 0.0688806
standard deviation: 0.004419848112774919
variance: 1.9535057340000012e-05
max: 0.086191
min: 0.065787
