n: 20
mean: 0.13970695000000002
standard deviation: 0.001348727973870196
variance: 1.819067147500004e-06
max: 0.144241
min: 0.138739
