n: 20
mean: 0.58311745
standard deviation: 0.006987088646031335
variance: 4.88194077475e-05
max: 0.602457
min: 0.57672
