n: 20
mean: 0.62427
standard deviation: 0.0106173572983111
variance: 0.00011272827599999999
max: 0.652346
min: 0.605903
