n: 20
mean: 0.0893607
standard deviation: 0.0015239522663128267
variance: 2.3224305100000008e-06
max: 0.094596
min: 0.08796
