n: 20
mean: 0.06749185
standard deviation: 0.001739372136001954
variance: 3.0254154274999998e-06
max: 0.074212
min: 0.065173
