n: 20
mean: 0.52077565
standard deviation: 0.01199727629203812
variance: 0.00014393463842749996
max: 0.543742
min: 0.503466
