n: 20
mean: 0.1252492
standard deviation: 0.001635119952786341
variance: 2.673617260000006e-06
max: 0.131475
min: 0.124097
