n: 20
mean: 0.0934613
standard deviation: 0.0016105489778333337
variance: 2.5938680099999962e-06
max: 0.099214
min: 0.09183
