n: 20
mean: 0.0655054
standard deviation: 0.0018820902581969882
variance: 3.5422637400000056e-06
max: 0.071275
min: 0.063814
