n: 20
mean: 0.09743280000000001
standard deviation: 0.0032559818734139183
variance: 1.0601417960000008e-05
max: 0.103298
min: 0.09118
