n: 20
mean: 0.62301675
standard deviation: 0.01374286948520941
variance: 0.00018886646168749996
max: 0.657562
min: 0.598498
