n: 20
mean: 0.1870046
standard deviation: 0.0018412094774902738
variance: 3.390052340000007e-06
max: 0.19464
min: 0.185884
