n: 20
mean: 0.05732625
standard deviation: 0.0015950263908474983
variance: 2.5441091874999967e-06
max: 0.061262
min: 0.055967
