n: 20
mean: 0.1091173
standard deviation: 0.0015737142720328877
variance: 2.476576610000002e-06
max: 0.114736
min: 0.107556
