n: 20
mean: 0.6088338999999998
standard deviation: 0.008162532841587838
variance: 6.662694239000003e-05
max: 0.622736
min: 0.590355
