n: 20
mean: 0.89423785
standard deviation: 0.0022002761707340186
variance: 4.841215227499956e-06
max: 0.901318
min: 0.890304
