n: 20
mean: 1.3731532000000002
standard deviation: 0.0025661745770699223
variance: 6.585251959999994e-06
max: 1.378828
min: 1.369851
