n: 20
mean: 0.60942515
standard deviation: 0.008095533949499566
variance: 6.553766992750005e-05
max: 0.62243
min: 0.595828
