n: 20
mean: 1.1061754499999998
standard deviation: 0.001954331304436395
variance: 3.8194108475000614e-06
max: 1.111077
min: 1.10339
