n: 20
mean: 3.26452435
standard deviation: 0.126427473564204
variance: 0.0159839060718275
max: 3.505612
min: 3.137102
