n: 20
mean: 0.63205175
standard deviation: 0.021334236362886283
variance: 0.00045514964118749927
max: 0.686287
min: 0.599905
