n: 20
mean: 0.56748575
standard deviation: 0.004205086620689275
variance: 1.768275348749995e-05
max: 0.579305
min: 0.562674
