n: 20
mean: 3.1993084
standard deviation: 0.1263645030629251
variance: 0.015967987634340007
max: 3.463828
min: 3.067238
