n: 20
mean: 11.867786200000001
standard deviation: 0.12675101853145032
variance: 0.01606582069876006
max: 12.073973
min: 11.629067
