n: 20
mean: 0.6697718
standard deviation: 0.0023550458084716694
variance: 5.546240759999979e-06
max: 0.676747
min: 0.667356
