n: 20
mean: 1.3258958499999998
standard deviation: 0.01147752875960242
variance: 0.00013173366642750068
max: 1.367004
min: 1.314887
