n: 20
mean: 0.26865854999999994
standard deviation: 0.0019625790041422533
variance: 3.851716347499999e-06
max: 0.276026
min: 0.266945
