n: 20
mean: 0.14398594999999997
standard deviation: 0.001397430194142091
variance: 1.952811147500002e-06
max: 0.148404
min: 0.142779
