n: 20
mean: 0.23473325000000003
standard deviation: 0.0017323414465687777
variance: 3.0010068875000055e-06
max: 0.239925
min: 0.232287
