n: 20
mean: 1.4073257000000003
standard deviation: 0.038064244047530976
variance: 0.0014488866749099974
max: 1.488635
min: 1.349236
