n: 20
mean: 1.1733470000000001
standard deviation: 0.027887486774537416
variance: 0.0007777119185999993
max: 1.231469
min: 1.130319
