n: 20
mean: 1.0672447999999997
standard deviation: 0.010754760218619468
variance: 0.00011566486735999986
max: 1.09745
min: 1.056019
