n: 20
mean: 0.17004044999999998
standard deviation: 0.006562219201421119
variance: 4.3062720847500027e-05
max: 0.184232
min: 0.161693
