n: 20
mean: 1.42648985
standard deviation: 0.06385674183614054
variance: 0.004077683477927502
max: 1.545291
min: 1.317032
