n: 20
mean: 0.17491364999999998
standard deviation: 0.0015021543287891549
variance: 2.2564676274999967e-06
max: 0.179816
min: 0.173426
