n: 20
mean: 0.16565705000000003
standard deviation: 0.003816740290810993
variance: 1.4567506447499983e-05
max: 0.173944
min: 0.160184
