n: 20
mean: 0.24615264999999997
standard deviation: 0.0018457590653982933
variance: 3.406826527499981e-06
max: 0.251698
min: 0.24393
