n: 20
mean: 0.2706924
standard deviation: 0.008333595102955263
variance: 6.944880733999995e-05
max: 0.286258
min: 0.257204
