n: 20
mean: 0.37965475000000004
standard deviation: 0.0031824082370902704
variance: 1.0127722187500004e-05
max: 0.391496
min: 0.377607
