n: 20
mean: 0.25969765
standard deviation: 0.006064517864389553
variance: 3.677837692750003e-05
max: 0.278837
min: 0.252761
