n: 20
mean: 0.23848415000000003
standard deviation: 0.0042308411134785
variance: 1.7900016527499992e-05
max: 0.255212
min: 0.235255
