n: 20
mean: 5.3437468500000005
standard deviation: 0.03550080167725091
variance: 0.0012603069197275009
max: 5.473453
min: 5.302597
