n: 20
mean: 0.1787106
standard deviation: 0.005675072188087125
variance: 3.2206444339999985e-05
max: 0.19239
min: 0.167524
