n: 20
mean: 0.27510409999999996
standard deviation: 0.011782687307656092
variance: 0.00013883172018999996
max: 0.308167
min: 0.25911
