n: 20
mean: 1.1768093499999999
standard deviation: 0.049362606084236475
variance: 0.0024366668794274997
max: 1.318235
min: 1.108477
