n: 20
mean: 0.38116685000000006
standard deviation: 0.0014268671372976562
variance: 2.0359498275000085e-06
max: 0.384392
min: 0.37894
