n: 20
mean: 0.15870635
standard deviation: 0.002201073244465071
variance: 4.844723427499994e-06
max: 0.163673
min: 0.155958
