n: 20
mean: 0.45863105000000004
standard deviation: 0.0023161740322134704
variance: 5.364662147500006e-06
max: 0.466189
min: 0.456162
