n: 20
mean: 0.24737430000000002
standard deviation: 0.004093957768468065
variance: 1.6760490210000016e-05
max: 0.261892
min: 0.243544
