n: 20
mean: 0.11454444999999999
standard deviation: 0.002826864897284622
variance: 7.991165147499998e-06
max: 0.124956
min: 0.111833
