n: 20
mean: 0.15131075000000002
standard deviation: 0.0023977576999146513
variance: 5.749241987499998e-06
max: 0.157343
min: 0.148374
