n: 20
mean: 0.11497749999999998
standard deviation: 0.0033796016407263148
variance: 1.142170725e-05
max: 0.125413
min: 0.112168
