n: 20
mean: 3.1701881000000003
standard deviation: 0.01571554419643177
variance: 0.0002469783293900004
max: 3.20492
min: 3.142253
