n: 20
mean: 0.70572495
standard deviation: 0.01430921709414949
variance: 0.00020475369384749995
max: 0.745294
min: 0.691537
