n: 20
mean: 0.34588105
standard deviation: 0.007390760336223876
variance: 5.462333834750006e-05
max: 0.364109
min: 0.337044
