n: 20
mean: 0.77585555
standard deviation: 0.005697072252262566
variance: 3.2456632247500064e-05
max: 0.789506
min: 0.768136
