n: 20
mean: 0.1128636
standard deviation: 0.0012648566875342049
variance: 1.599862440000001e-06
max: 0.115541
min: 0.111366
