n: 20
mean: 0.1142258
standard deviation: 0.0015143768883603586
variance: 2.2933373600000022e-06
max: 0.117561
min: 0.112105
