n: 20
mean: 6.748800149999999
standard deviation: 0.4051657827307577
variance: 0.16415931149582758
max: 8.498516
min: 6.590867
