n: 20
mean: 0.11173655
standard deviation: 0.0015487702694395975
variance: 2.398689347500003e-06
max: 0.115232
min: 0.109785
