n: 20
mean: 1.1327119499999998
standard deviation: 0.010181298784904617
variance: 0.00010365884494750023
max: 1.167982
min: 1.122821
