n: 20
mean: 0.4118699
standard deviation: 0.004695467068354333
variance: 2.204741099000003e-05
max: 0.429059
min: 0.407465
