n: 20
mean: 2.29306615
standard deviation: 0.04053360513361108
variance: 0.0016429731451275023
max: 2.457854
min: 2.267195
