n: 20
mean: 0.9915898500000001
standard deviation: 0.005680780292134179
variance: 3.227126472750008e-05
max: 1.011079
min: 0.982835
