n: 20
mean: 18.1822023
standard deviation: 0.0380409309982022
variance: 0.001447112431209981
max: 18.273652
min: 18.126749
