n: 20
mean: 5.088774500000001
standard deviation: 0.15380013310283575
variance: 0.02365448094244999
max: 5.754955
min: 5.033158
