n: 20
mean: 1.9065099999999997
standard deviation: 0.009234809835616541
variance: 8.528171270000002e-05
max: 1.933006
min: 1.895141
