n: 20
mean: 0.08993854999999999
standard deviation: 0.0021528612931398998
variance: 4.6348117475000015e-06
max: 0.096596
min: 0.088031
