n: 20
mean: 0.06485035
standard deviation: 0.00089119640231545
variance: 7.942310275000013e-07
max: 0.066876
min: 0.063794
