n: 20
mean: 3.1576928000000004
standard deviation: 0.021471981665882607
variance: 0.0004610459966599988
max: 3.229046
min: 3.126268
