n: 20
mean: 11.62219035
standard deviation: 0.051558691504221654
variance: 0.002658298669627498
max: 11.790535
min: 11.55717
