n: 20
mean: 0.15766175000000002
standard deviation: 0.0035204266769100607
variance: 1.2393403987500013e-05
max: 0.171525
min: 0.155285
