n: 20
mean: 4.552092099999999
standard deviation: 0.014372815993743113
variance: 0.0002065778395899978
max: 4.568236
min: 4.50488
