n: 20
mean: 0.3932956
standard deviation: 0.0026565286070358877
variance: 7.057144240000034e-06
max: 0.401436
min: 0.390969
