n: 20
mean: 0.21568089999999995
standard deviation: 0.0017350150690988247
variance: 3.0102772899999994e-06
max: 0.222558
min: 0.214499
