n: 20
mean: 0.305794
standard deviation: 0.0016145071074479618
variance: 2.6066331999999847e-06
max: 0.310731
min: 0.303742
