n: 20
mean: 0.2884215
standard deviation: 0.0017662508174095765
variance: 3.1196419499999967e-06
max: 0.294954
min: 0.287048
