n: 20
mean: 0.23539159999999995
standard deviation: 0.0018498802501783732
variance: 3.4220569400000003e-06
max: 0.242977
min: 0.234267
