n: 20
mean: 0.20297170000000003
standard deviation: 0.0014482021992801998
variance: 2.0972896100000072e-06
max: 0.208576
min: 0.201937
