n: 20
mean: 0.13083730000000002
standard deviation: 0.001268601083871523
variance: 1.6093487100000028e-06
max: 0.135828
min: 0.130006
