n: 20
mean: 0.20728169999999996
standard deviation: 0.002824590821694355
variance: 7.978313309999991e-06
max: 0.21891
min: 0.205513
