n: 20
mean: 0.17889999999999998
standard deviation: 0.001389942049151688
variance: 1.9319388999999934e-06
max: 0.184551
min: 0.177408
