n: 20
mean: 0.27199515
standard deviation: 0.0017078198756016382
variance: 2.9166487274999955e-06
max: 0.277742
min: 0.270499
