n: 20
mean: 0.11974985
standard deviation: 0.0019745613000107147
variance: 3.898892327500003e-06
max: 0.127412
min: 0.118042
