n: 20
mean: 0.15872545
standard deviation: 0.0015306275665556287
variance: 2.3428207475000055e-06
max: 0.16397
min: 0.156776
