n: 20
mean: 0.30570620000000004
standard deviation: 0.0024431146841685514
variance: 5.9688093599999996e-06
max: 0.311049
min: 0.303317
