n: 20
mean: 0.3938849
standard deviation: 0.002804656608214273
variance: 7.866098689999992e-06
max: 0.402156
min: 0.391599
