n: 20
mean: 0.21685664999999998
standard deviation: 0.00283141894242092
variance: 8.0169332275e-06
max: 0.227387
min: 0.214891
