n: 20
mean: 0.27417064999999996
standard deviation: 0.0034669588153740743
variance: 1.2019803427500005e-05
max: 0.280743
min: 0.269881
