n: 20
mean: 0.38927664999999995
standard deviation: 0.003248276070087025
variance: 1.0551297427500009e-05
max: 0.397406
min: 0.386066
