n: 20
mean: 0.21158544999999998
standard deviation: 0.002741118539483468
variance: 7.513730847499983e-06
max: 0.222126
min: 0.209623
