n: 20
mean: 0.11993525000000001
standard deviation: 0.001467934497005911
variance: 2.154831687499997e-06
max: 0.124678
min: 0.118646
