n: 20
mean: 0.27388935000000003
standard deviation: 0.0019427312545743421
variance: 3.7742047274999973e-06
max: 0.278177
min: 0.271162
