n: 20
mean: 0.20056895
standard deviation: 0.0031244532077629224
variance: 9.762207847500017e-06
max: 0.21152
min: 0.196815
