n: 20
mean: 0.13352789999999998
standard deviation: 0.0017065925084799813
variance: 2.912457989999995e-06
max: 0.138923
min: 0.13161
