n: 20
mean: 0.14900324999999998
standard deviation: 0.0031214151257883027
variance: 9.743232387500005e-06
max: 0.157585
min: 0.14623
