n: 20
mean: 0.23689745
standard deviation: 0.0025413956298656073
variance: 6.458691747500007e-06
max: 0.243796
min: 0.234522
