n: 20
mean: 0.1809235
standard deviation: 0.002751413591229065
variance: 7.570276750000021e-06
max: 0.190869
min: 0.178593
