n: 20
mean: 0.26672435
standard deviation: 0.0029420933410583693
variance: 8.655913227499997e-06
max: 0.275804
min: 0.264011
