n: 20
mean: 0.2051057
standard deviation: 0.0018412491439237647
variance: 3.3901984099999963e-06
max: 0.209147
min: 0.203411
