n: 20
mean: 3.4539019000000004
standard deviation: 0.055616544910574904
variance: 0.0030932000677899953
max: 3.589847
min: 3.38382
