n: 20
mean: 0.9931180000000002
standard deviation: 0.03675182264595864
variance: 0.0013506964677999981
max: 1.085322
min: 0.935495
