n: 20
mean: 6.958505650000001
standard deviation: 0.1933466526708635
variance: 0.03738292809902753
max: 7.387787
min: 6.6574
