n: 20
mean: 0.15178299999999997
standard deviation: 0.0034937474722710033
variance: 1.2206271400000026e-05
max: 0.163451
min: 0.148575
