n: 20
mean: 6.4260638
standard deviation: 0.12017465998104591
variance: 0.014441948901559998
max: 6.791644
min: 6.344129
