n: 20
mean: 1.1940744999999997
standard deviation: 0.011883550654160541
variance: 0.00014121877614999944
max: 1.218859
min: 1.178338
