n: 20
mean: 3.01208375
standard deviation: 0.01577490389788479
variance: 0.00024884759298750075
max: 3.057707
min: 2.991214
