n: 20
mean: 0.11160315000000003
standard deviation: 0.0013332345358188114
variance: 1.7775143275000013e-06
max: 0.114593
min: 0.109676
