n: 20
mean: 24.7608079
standard deviation: 0.16771884205655016
variance: 0.028129609980790022
max: 25.058788
min: 24.446579
