n: 20
mean: 1.1365407500000002
standard deviation: 0.012538945006957318
variance: 0.00015722514188749986
max: 1.166898
min: 1.122306
