n: 20
mean: 9.26731195
standard deviation: 0.02502611317698985
variance: 0.000626306340747505
max: 9.333284
min: 9.23282
