n: 20
mean: 0.30561859999999996
standard deviation: 0.0042864758065338454
variance: 1.8373874839999978e-05
max: 0.322051
min: 0.301998
