n: 20
mean: 0.50985205
standard deviation: 0.07422009342184568
variance: 0.005508622267547502
max: 0.832817
min: 0.488917
