n: 20
mean: 2.9554777
standard deviation: 0.013509866927916081
variance: 0.0001825165044100007
max: 2.992555
min: 2.937664
