n: 20
mean: 0.5699048
standard deviation: 0.005346801918904423
variance: 2.858829076000002e-05
max: 0.585647
min: 0.562863
