n: 20
mean: 0.20886755000000004
standard deviation: 0.0016124003682398494
variance: 2.5998349475000018e-06
max: 0.214141
min: 0.207287
