n: 20
mean: 0.3085219
standard deviation: 0.00240075537904219
variance: 5.76362639000001e-06
max: 0.314295
min: 0.305963
