n: 20
mean: 0.3993072
standard deviation: 0.002423385289218369
variance: 5.872796259999998e-06
max: 0.405176
min: 0.396791
