n: 20
mean: 0.26782545
standard deviation: 0.0016334269030170885
variance: 2.668083447499997e-06
max: 0.271436
min: 0.265806
