n: 20
mean: 0.39645034999999995
standard deviation: 0.003390514743737295
variance: 1.1495590227499975e-05
max: 0.408879
min: 0.394062
