n: 20
mean: 0.1956058
standard deviation: 0.003926816020645732
variance: 1.5419884059999986e-05
max: 0.209342
min: 0.191813
