n: 20
mean: 0.27659915
standard deviation: 0.0018477222538844959
variance: 3.4140775275000014e-06
max: 0.280943
min: 0.273886
