n: 20
mean: 0.22251795000000002
standard deviation: 0.0033587271618129373
variance: 1.1281048147499989e-05
max: 0.233597
min: 0.219705
