n: 20
mean: 0.15052519999999997
standard deviation: 0.002389418770328885
variance: 5.70932206e-06
max: 0.159525
min: 0.148439
