n: 20
mean: 0.21047659999999996
standard deviation: 0.002731812848640989
variance: 7.462801439999996e-06
max: 0.220964
min: 0.207678
