n: 20
mean: 0.28389054999999996
standard deviation: 0.002088958651457705
variance: 4.363748247499995e-06
max: 0.290176
min: 0.281359
