n: 20
mean: 0.19718955
standard deviation: 0.0028178420728458154
variance: 7.940233947500002e-06
max: 0.206378
min: 0.195337
