n: 20
mean: 0.12908845
standard deviation: 0.001720229940298679
variance: 2.9591910474999966e-06
max: 0.133281
min: 0.127538
