n: 20
mean: 0.1745422
standard deviation: 0.001933762849989626
variance: 3.739438760000001e-06
max: 0.177925
min: 0.172034
