n: 20
mean: 0.11853885
standard deviation: 0.0021486512112253125
variance: 4.616702027500002e-06
max: 0.124835
min: 0.11684
