n: 20
mean: 0.2111408
standard deviation: 0.0027849417516350346
variance: 7.755900560000015e-06
max: 0.221399
min: 0.208794
