n: 20
mean: 0.16482614999999998
standard deviation: 0.0017634037335505462
variance: 3.1095927275000055e-06
max: 0.169409
min: 0.163157
