n: 20
mean: 0.1655653
standard deviation: 0.0032201610689529185
variance: 1.0369437310000002e-05
max: 0.175816
min: 0.163095
