n: 20
mean: 0.21408415
standard deviation: 0.0015505398180956239
variance: 2.40417372750001e-06
max: 0.217816
min: 0.211836
