n: 20
mean: 0.014969050000000001
standard deviation: 0.000844678487650775
variance: 7.134817475000004e-07
max: 0.016449
min: 0.01373
