n: 20
mean: 0.09935925
standard deviation: 0.00222715351682366
variance: 4.960212787499997e-06
max: 0.106443
min: 0.097662
