n: 20
mean: 0.07781455
standard deviation: 0.0016865685125425519
variance: 2.844513347499996e-06
max: 0.084295
min: 0.076809
