n: 20
mean: 0.10004919999999999
standard deviation: 0.0012070424433299777
variance: 1.4569514600000026e-06
max: 0.104816
min: 0.099276
