n: 20
mean: 0.012929649999999997
standard deviation: 0.0008038733902176386
variance: 6.462124274999999e-07
max: 0.014798
min: 0.012122
