n: 20
mean: 0.07866184999999999
standard deviation: 0.001493549037527728
variance: 2.2306887275000022e-06
max: 0.083488
min: 0.076908
