n: 20
mean: 0.015397300000000003
standard deviation: 0.0008481887231035319
variance: 7.194241099999997e-07
max: 0.017199
min: 0.014332
