n: 20
mean: 0.21516084999999996
standard deviation: 0.0015112140905576524
variance: 2.2837680274999923e-06
max: 0.220851
min: 0.213714
