n: 20
mean: 0.3038328
standard deviation: 0.0023101969742859627
variance: 5.3370100600000165e-06
max: 0.30952
min: 0.301976
