n: 20
mean: 0.3924941999999999
standard deviation: 0.002498008939135327
variance: 6.240048660000003e-06
max: 0.40115
min: 0.390533
