n: 20
mean: 0.28697914999999996
standard deviation: 0.0013205894242723545
variance: 1.7439564274999885e-06
max: 0.291302
min: 0.285711
