n: 20
mean: 0.18085855
standard deviation: 0.0016151054911367256
variance: 2.608565747500004e-06
max: 0.186065
min: 0.179179
