n: 20
mean: 0.23836924999999995
standard deviation: 0.0028791537971251187
variance: 8.289526587499989e-06
max: 0.246027
min: 0.234879
