n: 20
mean: 0.27203775
standard deviation: 0.0020036226409930542
variance: 4.014503687499981e-06
max: 0.279663
min: 0.270227
