n: 20
mean: 0.11987855
standard deviation: 0.0017689730205687152
variance: 3.129265547500004e-06
max: 0.126308
min: 0.118655
