n: 20
mean: 0.20760030000000002
standard deviation: 0.001812051519687009
variance: 3.283530709999999e-06
max: 0.214001
min: 0.206009
