n: 20
mean: 0.13354425000000003
standard deviation: 0.0016491415607824554
variance: 2.7196678874999934e-06
max: 0.139393
min: 0.132144
