n: 20
mean: 0.203241
standard deviation: 0.0019963937737831196
variance: 3.985588100000005e-06
max: 0.209235
min: 0.202124
