n: 20
mean: 0.1582052
standard deviation: 0.0014521251185762214
variance: 2.108667360000005e-06
max: 0.16294
min: 0.156683
