n: 20
mean: 0.20839480000000005
standard deviation: 0.0019810625078477435
variance: 3.92460865999999e-06
max: 0.21591
min: 0.206995
