n: 20
mean: 0.31073069999999997
standard deviation: 0.003438315795560377
variance: 1.1822015509999988e-05
max: 0.322463
min: 0.307326
