n: 20
mean: 0.40067665
standard deviation: 0.002663726792953811
variance: 7.095440427499995e-06
max: 0.409275
min: 0.398482
