n: 20
mean: 0.27033735000000003
standard deviation: 0.0026770742103087095
variance: 7.1667263275e-06
max: 0.276988
min: 0.267149
