n: 20
mean: 0.1507489
standard deviation: 0.002260637142488817
variance: 5.110480290000004e-06
max: 0.159393
min: 0.148934
