n: 20
mean: 0.013363699999999997
standard deviation: 0.0008733658511757831
variance: 7.627679100000002e-07
max: 0.015478
min: 0.012216
