n: 20
mean: 0.015081500000000001
standard deviation: 0.0009586646702575411
variance: 9.190379500000001e-07
max: 0.017715
min: 0.014324
