n: 20
mean: 0.28530325
standard deviation: 0.0036127891424078376
variance: 1.3052245387499958e-05
max: 0.294049
min: 0.282376
