n: 20
mean: 0.21033969999999996
standard deviation: 0.001593346481465973
variance: 2.5387530099999964e-06
max: 0.214823
min: 0.208843
