n: 20
mean: 0.014113400000000002
standard deviation: 0.0008780375504498657
variance: 7.709499400000005e-07
max: 0.016386
min: 0.013503
