n: 20
mean: 0.01322885
standard deviation: 0.0007471608444638944
variance: 5.582493274999998e-07
max: 0.015177
min: 0.012371
