n: 20
mean: 0.1190159
standard deviation: 0.0027518909480573504
variance: 7.572903789999983e-06
max: 0.127762
min: 0.116822
